Date,return,label,ticker
15-08-1997,0.07692277023269489,0,LKFN
18-08-1997,0.15476235309797515,1,LKFN
19-08-1997,-0.010309236181027859,0,LKFN
20-08-1997,0.0,1,LKFN
21-08-1997,-0.041666159344225906,1,LKFN
22-08-1997,-0.04347858267834004,0,LKFN
25-08-1997,0.028408419646507976,0,LKFN
26-08-1997,0.0,0,LKFN
27-08-1997,0.0,1,LKFN
28-08-1997,-0.02762367470335636,0,LKFN
29-08-1997,0.0454548971836759,0,LKFN
02-09-1997,0.0,0,LKFN
03-09-1997,0.0,0,LKFN
04-09-1997,0.0054340579054701355,0,LKFN
05-09-1997,0.005405500029910026,0,LKFN
08-09-1997,0.0,1,LKFN
09-09-1997,-0.010752068239836099,0,LKFN
10-09-1997,0.06521720379372309,1,LKFN
11-09-1997,-0.061224324542877184,0,LKFN
12-09-1997,0.0,0,LKFN
15-09-1997,0.0,0,LKFN
16-09-1997,0.0,0,LKFN
17-09-1997,0.0,0,LKFN
18-09-1997,0.0,0,LKFN
19-09-1997,0.0,0,LKFN
22-09-1997,0.0,0,LKFN
23-09-1997,0.010868931735550813,0,LKFN
24-09-1997,0.0,0,LKFN
25-09-1997,0.0,0,LKFN
26-09-1997,0.03225816494514655,0,LKFN
29-09-1997,0.0,0,LKFN
30-09-1997,0.0,0,LKFN
01-10-1997,0.0,1,LKFN
02-10-1997,-0.03125009425026992,0,LKFN
03-10-1997,0.0,0,LKFN
06-10-1997,0.0,1,LKFN
07-10-1997,-0.005376437695784775,0,LKFN
08-10-1997,0.019522727283266317,0,LKFN
09-10-1997,0.0,0,LKFN
10-10-1997,0.04255397052890508,0,LKFN
13-10-1997,0.0,0,LKFN
14-10-1997,0.0,0,LKFN
15-10-1997,0.0,0,LKFN
16-10-1997,0.0,1,LKFN
17-10-1997,-0.05102092234760114,0,LKFN
20-10-1997,0.0,0,LKFN
21-10-1997,0.0,0,LKFN
22-10-1997,0.0,0,LKFN
23-10-1997,0.0,0,LKFN
24-10-1997,0.0,0,LKFN
27-10-1997,0.0,0,LKFN
28-10-1997,0.0,0,LKFN
29-10-1997,0.0,0,LKFN
30-10-1997,0.008064302946088286,1,LKFN
31-10-1997,-0.01866625317600168,0,LKFN
03-11-1997,0.0,0,LKFN
04-11-1997,0.0027166992597769113,0,LKFN
05-11-1997,0.0,0,LKFN
06-11-1997,0.0,0,LKFN
07-11-1997,0.05149134136660849,1,LKFN
10-11-1997,-0.03092833035589526,0,LKFN
11-11-1997,0.018617404747923727,0,LKFN
12-11-1997,0.0,1,LKFN
13-11-1997,-0.018277131984143713,0,LKFN
14-11-1997,0.0,0,LKFN
17-11-1997,0.0,0,LKFN
18-11-1997,0.0,0,LKFN
19-11-1997,0.0,0,LKFN
20-11-1997,0.0,0,LKFN
21-11-1997,0.0,0,LKFN
24-11-1997,0.0,0,LKFN
25-11-1997,0.0,0,LKFN
26-11-1997,0.0,0,LKFN
28-11-1997,0.0,0,LKFN
01-12-1997,0.0,0,LKFN
02-12-1997,0.01595771052065409,1,LKFN
03-12-1997,-0.026178063210581803,1,LKFN
04-12-1997,-0.010752480550393129,0,LKFN
05-12-1997,0.021738706115483675,0,LKFN
08-12-1997,0.0,0,LKFN
09-12-1997,0.0,0,LKFN
10-12-1997,0.0,0,LKFN
11-12-1997,0.0,0,LKFN
12-12-1997,0.01595771052065409,0,LKFN
15-12-1997,0.0,0,LKFN
16-12-1997,0.0,1,LKFN
17-12-1997,-0.005235612642116361,0,LKFN
18-12-1997,0.026316067797189868,1,LKFN
19-12-1997,-0.01025664750429034,0,LKFN
22-12-1997,0.0,0,LKFN
23-12-1997,0.0,0,LKFN
24-12-1997,0.0,0,LKFN
26-12-1997,0.0,0,LKFN
29-12-1997,0.0,0,LKFN
30-12-1997,0.0,0,LKFN
31-12-1997,0.0,0,LKFN
02-01-1998,0.0,1,LKFN
05-01-1998,-0.015544072441974754,0,LKFN
06-01-1998,0.0,0,LKFN
07-01-1998,0.01900773667100153,0,LKFN
08-01-1998,0.0,1,LKFN
09-01-1998,-0.010362891102415506,1,LKFN
12-01-1998,-0.010471293562284933,0,LKFN
13-01-1998,0.0,0,LKFN
14-01-1998,0.015872758154441113,0,LKFN
15-01-1998,0.0,0,LKFN
16-01-1998,0.0,0,LKFN
20-01-1998,0.0,1,LKFN
21-01-1998,-0.007812042165604383,1,LKFN
22-01-1998,-0.007874221859732966,0,LKFN
23-01-1998,0.015872758154441113,0,LKFN
26-01-1998,0.0,0,LKFN
27-01-1998,0.0,0,LKFN
28-01-1998,0.0,1,LKFN
29-01-1998,-0.01041609321752468,0,LKFN
30-01-1998,0.010525730204517414,0,LKFN
02-02-1998,0.0,0,LKFN
03-02-1998,0.0,0,LKFN
04-02-1998,0.0,1,LKFN
05-02-1998,-0.01041609321752468,0,LKFN
06-02-1998,0.005262921181463209,1,LKFN
09-02-1998,-0.010471293562284933,0,LKFN
10-02-1998,0.0,0,LKFN
11-02-1998,0.015872758154441113,1,LKFN
12-02-1998,-0.001301581565334109,0,LKFN
13-02-1998,0.0,1,LKFN
17-02-1998,-0.009126390393685013,1,LKFN
18-02-1998,-0.0013159546121837007,1,LKFN
19-02-1998,-0.009223258883307994,0,LKFN
20-02-1998,0.0,0,LKFN
23-02-1998,0.0,0,LKFN
24-02-1998,0.0,0,LKFN
25-02-1998,0.010639074451870956,0,LKFN
26-02-1998,0.0,1,LKFN
27-02-1998,-0.010527076105424915,0,LKFN
02-03-1998,0.0,0,LKFN
03-03-1998,0.007979277500985482,0,LKFN
04-03-1998,0.002638741698618663,0,LKFN
05-03-1998,0.0,0,LKFN
06-03-1998,0.0,1,LKFN
09-03-1998,-0.0026317970659585077,0,LKFN
10-03-1998,0.0,0,LKFN
11-03-1998,0.0,0,LKFN
12-03-1998,0.002638741698618663,0,LKFN
13-03-1998,0.0,0,LKFN
16-03-1998,0.0,1,LKFN
17-03-1998,-0.01578966081166122,0,LKFN
18-03-1998,0.0053470122154746225,0,LKFN
19-03-1998,0.0,1,LKFN
20-03-1998,-0.02127622192534162,0,LKFN
23-03-1998,0.0033967613966503496,0,LKFN
24-03-1998,0.004739644471838389,0,LKFN
25-03-1998,0.0,0,LKFN
26-03-1998,0.013476368708595476,0,LKFN
27-03-1998,0.01595798824361805,0,LKFN
30-03-1998,0.005235256281878042,0,LKFN
31-03-1998,0.0,0,LKFN
01-04-1998,0.0,0,LKFN
02-04-1998,0.0,0,LKFN
03-04-1998,0.0,0,LKFN
06-04-1998,0.04166714762401158,1,LKFN
07-04-1998,-0.019999955248789614,0,LKFN
08-04-1998,0.0,0,LKFN
09-04-1998,0.0,1,LKFN
13-04-1998,-0.0051020291672198015,0,LKFN
14-04-1998,0.025640966796570908,0,LKFN
15-04-1998,0.1608958382546346,0,LKFN
16-04-1998,0.0,0,LKFN
17-04-1998,0.017543861259350813,1,LKFN
20-04-1998,-0.03448267153051998,0,LKFN
21-04-1998,0.017857049435170858,0,LKFN
22-04-1998,0.0,0,LKFN
23-04-1998,0.0,1,LKFN
24-04-1998,-0.0010961643517770625,1,LKFN
27-04-1998,-0.0340283080872098,0,LKFN
28-04-1998,0.009090381604454745,0,LKFN
29-04-1998,0.027026981169051778,1,LKFN
30-04-1998,-0.02631574599752695,0,LKFN
01-05-1998,0.02590119080398101,0,LKFN
04-05-1998,0.0010973672466336737,0,LKFN
05-05-1998,0.0,0,LKFN
06-05-1998,0.0,0,LKFN
07-05-1998,0.0,1,LKFN
08-05-1998,-0.035087171820710306,0,LKFN
11-05-1998,0.0,0,LKFN
12-05-1998,0.01818133393195831,0,LKFN
13-05-1998,0.0,0,LKFN
14-05-1998,0.006696580382133277,0,LKFN
15-05-1998,0.011086229227878386,1,LKFN
18-05-1998,-0.035087171820710306,0,LKFN
19-05-1998,0.03636304834594939,0,LKFN
20-05-1998,0.0,1,LKFN
21-05-1998,-0.05263167556105108,0,LKFN
22-05-1998,0.03240782543557197,1,LKFN
26-05-1998,-0.05381155399003934,1,LKFN
27-05-1998,-0.05213310612361399,0,LKFN
28-05-1998,0.0,1,LKFN
29-05-1998,-0.009999844097396626,0,LKFN
01-06-1998,0.0202015963764568,0,LKFN
02-06-1998,0.0,1,LKFN
03-06-1998,-0.029702411285242203,0,LKFN
04-06-1998,0.04081610427897098,1,LKFN
05-06-1998,-0.06127429181931998,0,LKFN
08-06-1998,0.023498675400655422,1,LKFN
09-06-1998,-0.06122458349023774,0,LKFN
10-06-1998,0.05434742184712693,0,LKFN
11-06-1998,0.01030976653977711,0,LKFN
12-06-1998,0.0,0,LKFN
15-06-1998,0.0,1,LKFN
16-06-1998,-0.06122458349023774,0,LKFN
17-06-1998,0.05434742184712693,1,LKFN
18-06-1998,-0.020618130786481448,0,LKFN
19-06-1998,0.0,0,LKFN
22-06-1998,0.010526038701502927,1,LKFN
23-06-1998,-0.010416395321221628,0,LKFN
24-06-1998,0.0,0,LKFN
25-06-1998,0.0,1,LKFN
26-06-1998,-0.010526809678492732,1,LKFN
29-06-1998,-0.04255287176534861,0,LKFN
30-06-1998,0.02222233848067634,1,LKFN
01-07-1998,-0.021739241693451317,0,LKFN
02-07-1998,0.07222207689915461,1,LKFN
06-07-1998,-0.005181320745613172,0,LKFN
07-07-1998,0.0,1,LKFN
08-07-1998,-0.017147760551300517,0,LKFN
09-07-1998,0.026596126321009717,0,LKFN
10-07-1998,0.005181009095040379,1,LKFN
13-07-1998,-0.04123723083714814,0,LKFN
14-07-1998,0.0,0,LKFN
15-07-1998,0.01075277615377157,0,LKFN
16-07-1998,0.04255364686216301,1,LKFN
17-07-1998,-0.020408425928073015,0,LKFN
20-07-1998,0.02083360705445836,1,LKFN
21-07-1998,-0.020408425928073015,0,LKFN
22-07-1998,0.0,1,LKFN
23-07-1998,-0.062499952494680766,0,LKFN
24-07-1998,0.0,0,LKFN
27-07-1998,0.019444626543131838,1,LKFN
28-07-1998,-0.024523434735113425,1,LKFN
29-07-1998,-0.0391060496032174,0,LKFN
30-07-1998,0.0,1,LKFN
31-07-1998,-0.01162818040300484,0,LKFN
03-08-1998,0.08235318356214383,1,LKFN
04-08-1998,-0.1358695664489632,1,LKFN
05-08-1998,-0.0062893580675984495,0,LKFN
06-08-1998,0.012658988646587543,0,LKFN
07-08-1998,0.04999925403127681,1,LKFN
10-08-1998,-0.03571401093132698,1,LKFN
11-08-1998,-0.012345258778586499,0,LKFN
12-08-1998,0.0,0,LKFN
13-08-1998,0.0,0,LKFN
14-08-1998,0.0,1,LKFN
17-08-1998,-0.04687550185941658,0,LKFN
18-08-1998,0.036065340917829314,0,LKFN
19-08-1998,0.012658988646587543,1,LKFN
20-08-1998,-0.003125120324103503,0,LKFN
21-08-1998,0.003134917317928254,0,LKFN
24-08-1998,0.0,1,LKFN
25-08-1998,-0.03125068204018078,0,LKFN
26-08-1998,0.0,0,LKFN
27-08-1998,0.0,0,LKFN
28-08-1998,0.0,0,LKFN
31-08-1998,0.0,0,LKFN
01-09-1998,0.032258791269133,1,LKFN
02-09-1998,-0.0062506966989548385,1,LKFN
03-09-1998,-0.04402563759299183,0,LKFN
04-09-1998,0.04605315720197911,1,LKFN
08-09-1998,-0.012578519455490933,0,LKFN
09-09-1998,0.01910889472619437,0,LKFN
10-09-1998,0.0,0,LKFN
11-09-1998,0.0,1,LKFN
14-09-1998,-0.012500741896841583,1,LKFN
15-09-1998,-0.012658196948491907,0,LKFN
16-09-1998,0.025641764095102104,0,LKFN
17-09-1998,0.0,0,LKFN
18-09-1998,0.0,1,LKFN
21-09-1998,-0.02500070199240101,0,LKFN
22-09-1998,0.004807814062663951,0,LKFN
23-09-1998,0.0,0,LKFN
24-09-1998,0.003189518386846668,0,LKFN
25-09-1998,0.0,0,LKFN
28-09-1998,0.00476959687092271,0,LKFN
29-09-1998,0.0,0,LKFN
30-09-1998,0.0,0,LKFN
01-10-1998,0.0,0,LKFN
02-10-1998,0.0,0,LKFN
05-10-1998,0.0,0,LKFN
06-10-1998,0.0,1,LKFN
07-10-1998,-0.03357116603868504,0,LKFN
08-10-1998,0.0065796062312415415,0,LKFN
09-10-1998,0.0,1,LKFN
12-10-1998,-0.03921578999982778,1,LKFN
13-10-1998,-0.017007049541047148,0,LKFN
14-10-1998,0.0,0,LKFN
15-10-1998,0.0242221124967541,0,LKFN
16-10-1998,0.04729687141663952,0,LKFN
19-10-1998,0.0,1,LKFN
20-10-1998,-0.0443544788786554,0,LKFN
21-10-1998,0.0,0,LKFN
22-10-1998,0.026159404761562755,0,LKFN
23-10-1998,0.0,1,LKFN
26-10-1998,-0.026314875060117315,0,LKFN
27-10-1998,0.02027010778187699,0,LKFN
28-10-1998,0.0,0,LKFN
29-10-1998,0.0,1,LKFN
30-10-1998,-0.013245249735690745,1,LKFN
02-11-1998,-0.03355662819855432,0,LKFN
03-11-1998,0.031249243378917102,1,LKFN
04-11-1998,-0.01683477685823831,0,LKFN
05-11-1998,0.0,0,LKFN
06-11-1998,0.013699071173280508,0,LKFN
09-11-1998,0.006756375406445692,1,LKFN
10-11-1998,-0.04362387433014847,0,LKFN
11-11-1998,0.04210463769236705,1,LKFN
12-11-1998,-0.07070669168492338,0,LKFN
13-11-1998,0.04347860086899602,0,LKFN
16-11-1998,0.09027743349516837,0,LKFN
17-11-1998,0.0127387326844286,1,LKFN
18-11-1998,-0.04402569122484923,0,LKFN
19-11-1998,0.0,1,LKFN
20-11-1998,-0.0460517822881541,1,LKFN
23-11-1998,-0.006896449069398014,0,LKFN
24-11-1998,0.05555450669458328,0,LKFN
25-11-1998,0.0,1,LKFN
27-11-1998,-0.039473200056388213,0,LKFN
30-11-1998,0.0,0,LKFN
01-12-1998,0.0,0,LKFN
02-12-1998,0.020548002647292618,0,LKFN
03-12-1998,0.00671159027584789,0,LKFN
04-12-1998,0.046666601640472205,1,LKFN
07-12-1998,-0.019108065980397382,1,LKFN
08-12-1998,-0.01298789767755315,0,LKFN
09-12-1998,0.01973738509445888,1,LKFN
10-12-1998,-0.01935536088306755,1,LKFN
11-12-1998,-0.05263063758644693,0,LKFN
14-12-1998,0.02777772173177162,0,LKFN
15-12-1998,0.02027010778187699,0,LKFN
16-12-1998,0.0,1,LKFN
17-12-1998,-0.006622556149170289,0,LKFN
18-12-1998,0.006666706789211885,0,LKFN
21-12-1998,0.0,0,LKFN
22-12-1998,0.0,1,LKFN
23-12-1998,-0.006622556149170289,0,LKFN
24-12-1998,0.0,0,LKFN
28-12-1998,0.0,0,LKFN
29-12-1998,0.006666706789211885,1,LKFN
30-12-1998,-0.019867393572811087,0,LKFN
31-12-1998,0.0,0,LKFN
04-01-1999,0.0,1,LKFN
05-01-1999,-0.0067571466341554975,0,LKFN
06-01-1999,0.022013333337097984,1,LKFN
07-01-1999,-0.023412174645766615,0,LKFN
08-01-1999,0.0,0,LKFN
11-01-1999,0.006849404200070408,0,LKFN
12-01-1999,0.020408356791517424,0,LKFN
13-01-1999,0.0,1,LKFN
14-01-1999,-0.026666937429376536,0,LKFN
15-01-1999,0.020548141876241877,1,LKFN
19-01-1999,-0.0033560595697109674,0,LKFN
20-01-1999,0.05050519448823132,1,LKFN
21-01-1999,-0.012820084280214306,0,LKFN
22-01-1999,0.025973615837202813,1,LKFN
25-01-1999,-0.009493434913816823,0,LKFN
26-01-1999,0.0,1,LKFN
27-01-1999,-0.02555903586889785,0,LKFN
28-01-1999,0.009836156593075573,1,LKFN
29-01-1999,-0.012987847193120627,0,LKFN
01-02-1999,0.0,0,LKFN
02-02-1999,0.0,0,LKFN
03-02-1999,0.0,1,LKFN
04-02-1999,-0.02631498858805914,0,LKFN
05-02-1999,0.050675443507806284,0,LKFN
08-02-1999,0.0,1,LKFN
09-02-1999,-0.022508626605836857,0,LKFN
10-02-1999,0.0,0,LKFN
11-02-1999,0.0,0,LKFN
12-02-1999,0.026316211368790254,1,LKFN
16-02-1999,-0.012820084280214306,0,LKFN
17-02-1999,0.012986573243709776,1,LKFN
18-02-1999,-0.02564142617770071,0,LKFN
19-02-1999,0.0,0,LKFN
22-02-1999,0.0,0,LKFN
23-02-1999,0.0,0,LKFN
24-02-1999,0.013158751040892147,1,LKFN
25-02-1999,-0.003246760648373148,1,LKFN
26-02-1999,-0.06188912328927276,0,LKFN
01-03-1999,0.05555452776657965,1,LKFN
02-03-1999,-0.00657815273971496,1,LKFN
03-03-1999,-0.04635745014672066,0,LKFN
04-03-1999,0.020832876206259954,0,LKFN
05-03-1999,0.0,0,LKFN
08-03-1999,0.020408356791517424,0,LKFN
09-03-1999,0.0,0,LKFN
10-03-1999,0.0,1,LKFN
11-03-1999,-0.03666716803659975,0,LKFN
12-03-1999,0.031142317041781498,1,LKFN
15-03-1999,-0.020134417018745188,1,LKFN
16-03-1999,-0.013698101160453002,0,LKFN
17-03-1999,0.006944244264614818,0,LKFN
18-03-1999,0.0,0,LKFN
19-03-1999,0.0,0,LKFN
22-03-1999,0.02068970379281332,1,LKFN
23-03-1999,-0.020270316939547617,0,LKFN
24-03-1999,0.013792851015090868,0,LKFN
25-03-1999,0.006803019739995975,0,LKFN
26-03-1999,0.0,0,LKFN
29-03-1999,0.0,1,LKFN
30-03-1999,-0.027026879948092497,0,LKFN
31-03-1999,0.0,0,LKFN
01-04-1999,0.0,0,LKFN
05-04-1999,0.0,0,LKFN
06-04-1999,0.0,0,LKFN
07-04-1999,0.005025027617645783,0,LKFN
08-04-1999,0.013021237636873462,1,LKFN
09-04-1999,-0.03341938542830536,0,LKFN
12-04-1999,0.02127657093933011,1,LKFN
13-04-1999,-0.0347224204102321,0,LKFN
14-04-1999,0.028777000751041726,0,LKFN
15-04-1999,0.0,1,LKFN
16-04-1999,-0.020978857188797884,0,LKFN
19-04-1999,0.014285282355567475,1,LKFN
20-04-1999,-0.021126528729305094,0,LKFN
21-04-1999,0.02158249186371375,0,LKFN
22-04-1999,0.014084955424640722,0,LKFN
23-04-1999,0.0,0,LKFN
26-04-1999,0.006944341386679431,1,LKFN
27-04-1999,-0.03448267554856255,0,LKFN
28-04-1999,0.028571445345414892,1,LKFN
29-04-1999,-0.027777793632818515,0,LKFN
30-04-1999,0.0,0,LKFN
03-05-1999,0.0,0,LKFN
04-05-1999,0.0,0,LKFN
05-05-1999,0.01071431035107806,0,LKFN
06-05-1999,0.0035331170914647547,0,LKFN
07-05-1999,0.0,1,LKFN
10-05-1999,-0.014084087193290906,0,LKFN
11-05-1999,0.014285282355567475,0,LKFN
12-05-1999,0.010563192012040146,0,LKFN
13-05-1999,0.0,0,LKFN
14-05-1999,0.003484951203881481,1,LKFN
17-05-1999,-0.013889324902510491,0,LKFN
18-05-1999,0.0,0,LKFN
19-05-1999,0.0,0,LKFN
20-05-1999,0.007042513888626534,1,LKFN
21-05-1999,-0.020978857188797884,0,LKFN
24-05-1999,0.0,0,LKFN
25-05-1999,0.02142840054358608,0,LKFN
26-05-1999,0.006993191885037886,0,LKFN
27-05-1999,0.0,0,LKFN
28-05-1999,0.0,0,LKFN
01-06-1999,0.0,1,LKFN
02-06-1999,-0.027777793632818515,0,LKFN
03-06-1999,0.007142898029448785,0,LKFN
04-06-1999,0.02127657093933011,0,LKFN
07-06-1999,0.0,1,LKFN
08-06-1999,-0.03819519755888179,0,LKFN
09-06-1999,0.0,0,LKFN
10-06-1999,0.010831099927577137,0,LKFN
11-06-1999,0.0,0,LKFN
14-06-1999,0.0,0,LKFN
15-06-1999,0.0,1,LKFN
16-06-1999,-0.010715044212977864,0,LKFN
17-06-1999,0.010831099927577137,0,LKFN
18-06-1999,0.0,0,LKFN
21-06-1999,0.0,0,LKFN
22-06-1999,0.0,1,LKFN
23-06-1999,-0.0035717058663894408,0,LKFN
24-06-1999,0.003584508677059395,0,LKFN
25-06-1999,0.0,0,LKFN
28-06-1999,0.0,1,LKFN
29-06-1999,-0.0035717058663894408,0,LKFN
30-06-1999,0.003584508677059395,0,LKFN
01-07-1999,0.0,0,LKFN
02-07-1999,0.0,0,LKFN
06-07-1999,0.0,0,LKFN
07-07-1999,0.005169469994661835,1,LKFN
08-07-1999,-0.0071430323639131155,1,LKFN
09-07-1999,-0.007194348821609853,0,LKFN
12-07-1999,0.0,0,LKFN
13-07-1999,0.04347859900103024,1,LKFN
14-07-1999,-0.013889370966474579,1,LKFN
15-07-1999,-0.02112649646586484,0,LKFN
16-07-1999,0.014388624109190395,0,LKFN
19-07-1999,0.0,1,LKFN
20-07-1999,-0.010638486811606618,0,LKFN
21-07-1999,0.0,1,LKFN
22-07-1999,-0.010752734655459895,0,LKFN
23-07-1999,0.0,0,LKFN
26-07-1999,0.0,0,LKFN
27-07-1999,0.0,0,LKFN
28-07-1999,0.010869612716811305,1,LKFN
29-07-1999,-0.04659474388416873,0,LKFN
30-07-1999,0.011277780318141417,0,LKFN
02-08-1999,0.011152770337725437,1,LKFN
03-08-1999,-0.007353121882666125,1,LKFN
04-08-1999,-0.037036894023934064,0,LKFN
05-08-1999,0.015384364994743382,0,LKFN
06-08-1999,0.0,0,LKFN
09-08-1999,0.0,1,LKFN
10-08-1999,-0.015151272291673568,0,LKFN
11-08-1999,0.015384364994743382,0,LKFN
12-08-1999,0.0,0,LKFN
13-08-1999,0.12121242390699605,0,LKFN
16-08-1999,0.0,0,LKFN
17-08-1999,0.0,1,LKFN
18-08-1999,-0.02702693183296745,0,LKFN
19-08-1999,0.0,0,LKFN
20-08-1999,0.02083292075773091,1,LKFN
23-08-1999,-0.034013687272577586,0,LKFN
24-08-1999,0.028169069844059313,0,LKFN
25-08-1999,0.00684934575712437,0,LKFN
26-08-1999,0.0,1,LKFN
27-08-1999,-0.006802751360953541,0,LKFN
30-08-1999,0.0,0,LKFN
31-08-1999,0.0,0,LKFN
01-09-1999,0.0,1,LKFN
02-09-1999,-0.06849282749528285,0,LKFN
03-09-1999,0.029411811125822585,0,LKFN
07-09-1999,0.028571472376692553,1,LKFN
08-09-1999,-0.013889370966474579,1,LKFN
09-09-1999,-0.049295566309924044,0,LKFN
10-09-1999,0.03703727258802991,0,LKFN
13-09-1999,0.02499929911577614,0,LKFN
14-09-1999,0.003485049466861012,1,LKFN
15-09-1999,-0.020833417622972528,0,LKFN
16-09-1999,0.0,0,LKFN
17-09-1999,0.0,1,LKFN
20-09-1999,-0.03546099445016282,0,LKFN
21-09-1999,0.0,0,LKFN
22-09-1999,0.0,0,LKFN
23-09-1999,0.044117228174125556,0,LKFN
24-09-1999,0.0,0,LKFN
27-09-1999,0.0,1,LKFN
28-09-1999,-0.05633842761016994,0,LKFN
29-09-1999,0.07089572133673339,0,LKFN
30-09-1999,0.0,0,LKFN
01-10-1999,0.003485049466861012,1,LKFN
04-10-1999,-0.020833417622972528,1,LKFN
05-10-1999,-0.03546099445016282,0,LKFN
06-10-1999,0.034890540034861806,1,LKFN
07-10-1999,-0.028571559291503013,0,LKFN
08-10-1999,0.0,1,LKFN
11-10-1999,-0.03676459869225446,0,LKFN
12-10-1999,0.0,0,LKFN
13-10-1999,0.0,0,LKFN
14-10-1999,0.03816782340260816,1,LKFN
15-10-1999,-0.007352994496673482,0,LKFN
18-10-1999,0.0,0,LKFN
19-10-1999,0.022222233937420954,0,LKFN
20-10-1999,0.0,0,LKFN
21-10-1999,0.0,1,LKFN
22-10-1999,-0.014492711980925277,0,LKFN
25-10-1999,0.0,1,LKFN
26-10-1999,-0.01102945436589886,0,LKFN
27-10-1999,0.0,0,LKFN
28-10-1999,0.003717461440540859,0,LKFN
29-10-1999,0.014815073664917966,0,LKFN
01-11-1999,0.0,1,LKFN
02-11-1999,-0.00729946995928854,0,LKFN
03-11-1999,0.0,0,LKFN
04-11-1999,0.0,1,LKFN
05-11-1999,-0.014706213268014579,0,LKFN
08-11-1999,0.0,0,LKFN
09-11-1999,0.0,0,LKFN
10-11-1999,0.0074629708117111004,1,LKFN
11-11-1999,-0.007407687456441381,0,LKFN
12-11-1999,0.003731637153940426,0,LKFN
15-11-1999,0.0,0,LKFN
16-11-1999,0.0,1,LKFN
17-11-1999,-0.048327603462716584,0,LKFN
18-11-1999,0.01562591593472651,0,LKFN
19-11-1999,0.0,0,LKFN
22-11-1999,0.00769204779920285,1,LKFN
23-11-1999,-0.038167745791026886,1,LKFN
24-11-1999,-0.039683057132085975,0,LKFN
26-11-1999,0.0,0,LKFN
29-11-1999,0.057850916065966373,0,LKFN
30-11-1999,0.023438159026205607,1,LKFN
01-12-1999,-0.015267595030530434,1,LKFN
02-12-1999,-0.050387465846550406,0,LKFN
03-12-1999,0.012245362403052296,0,LKFN
06-12-1999,0.016129062674772987,1,LKFN
07-12-1999,-0.04761929737811077,0,LKFN
08-12-1999,0.0,0,LKFN
09-12-1999,0.008333054443644627,1,LKFN
10-12-1999,-0.070247324870928,0,LKFN
13-12-1999,0.022221786417043088,1,LKFN
14-12-1999,-0.008695449984718384,0,LKFN
15-12-1999,0.03508743140206594,0,LKFN
16-12-1999,0.016949276674104397,0,LKFN
17-12-1999,0.13333327684934582,1,LKFN
20-12-1999,-0.11764701484810436,0,LKFN
21-12-1999,0.0,0,LKFN
22-12-1999,0.02499984113878506,1,LKFN
23-12-1999,-0.0243900926960241,0,LKFN
27-12-1999,0.0,0,LKFN
28-12-1999,0.0,0,LKFN
29-12-1999,0.016666786695140212,1,LKFN
30-12-1999,-0.016393558748307946,1,LKFN
31-12-1999,-0.004166908488738463,0,LKFN
03-01-2000,0.012552267080634394,0,LKFN
04-01-2000,0.0,1,LKFN
05-01-2000,-0.004131716139371355,0,LKFN
06-01-2000,0.014359679296277239,0,LKFN
07-01-2000,0.0,0,LKFN
10-01-2000,0.0,0,LKFN
11-01-2000,0.0,0,LKFN
12-01-2000,0.00822999193320717,0,LKFN
13-01-2000,0.012245125594543271,0,LKFN
14-01-2000,0.04838725189274351,1,LKFN
18-01-2000,-0.053846020489958235,0,LKFN
19-01-2000,0.0,0,LKFN
20-01-2000,0.008129790047251673,1,LKFN
21-01-2000,-0.012096996354861278,0,LKFN
24-01-2000,0.06122488546388816,0,LKFN
25-01-2000,0.08461563039743125,1,LKFN
26-01-2000,-0.12056770529268857,0,LKFN
27-01-2000,0.0,0,LKFN
28-01-2000,0.0,0,LKFN
31-01-2000,0.08064547415655032,1,LKFN
01-02-2000,-0.04477692876770001,0,LKFN
02-02-2000,0.0,1,LKFN
03-02-2000,-0.015624611388224907,1,LKFN
04-02-2000,-0.02380908265847248,1,LKFN
07-02-2000,-0.01626048391576118,0,LKFN
08-02-2000,0.016529257643818074,0,LKFN
09-02-2000,0.040649525395241026,1,LKFN
10-02-2000,-0.0546870083752623,0,LKFN
11-02-2000,0.0,0,LKFN
14-02-2000,0.0,0,LKFN
15-02-2000,0.0,0,LKFN
16-02-2000,0.0,0,LKFN
17-02-2000,0.008264503536351997,1,LKFN
18-02-2000,-0.020492234788819008,1,LKFN
22-02-2000,-0.0041837844228748144,0,LKFN
23-02-2000,0.042016932329705714,0,LKFN
24-02-2000,0.0,1,LKFN
25-02-2000,-0.03225814076083999,0,LKFN
28-02-2000,0.0,0,LKFN
29-02-2000,0.0,0,LKFN
01-03-2000,0.0,1,LKFN
02-03-2000,-0.06666640839280014,0,LKFN
03-03-2000,0.0,1,LKFN
06-03-2000,-0.01785767782421488,0,LKFN
07-03-2000,0.0,1,LKFN
08-03-2000,-0.018181637770560144,0,LKFN
09-03-2000,0.0,1,LKFN
10-03-2000,-0.018518424941022738,0,LKFN
13-03-2000,0.0,0,LKFN
14-03-2000,0.037735559429451726,0,LKFN
15-03-2000,0.018182372779389055,0,LKFN
16-03-2000,0.0,1,LKFN
17-03-2000,-0.01785767782421488,0,LKFN
20-03-2000,0.0,0,LKFN
21-03-2000,0.0,0,LKFN
22-03-2000,0.0,1,LKFN
23-03-2000,-0.03636336741722401,0,LKFN
24-03-2000,0.0,1,LKFN
27-03-2000,-0.01886801807247529,0,LKFN
28-03-2000,0.03846153846153855,1,LKFN
29-03-2000,-0.03703703703703709,1,LKFN
30-03-2000,-0.009615238850439356,0,LKFN
31-03-2000,0.029126160245394495,0,LKFN
03-04-2000,0.0,0,LKFN
04-04-2000,0.0,1,LKFN
05-04-2000,-0.009434390408636695,0,LKFN
06-04-2000,0.019622533708122614,0,LKFN
07-04-2000,0.0,1,LKFN
10-04-2000,-0.02830180664250559,0,LKFN
11-04-2000,0.0,0,LKFN
12-04-2000,0.03398004632225193,1,LKFN
13-04-2000,-0.0046944016319725446,0,LKFN
14-04-2000,0.0,1,LKFN
17-04-2000,-0.018868059892657163,0,LKFN
18-04-2000,0.00961507006895479,0,LKFN
19-04-2000,0.009524263323362092,1,LKFN
20-04-2000,-0.03301891601449669,0,LKFN
24-04-2000,0.0,0,LKFN
25-04-2000,0.0048781816419294355,1,LKFN
26-04-2000,-0.029125934408771426,0,LKFN
27-04-2000,0.0,1,LKFN
28-04-2000,-0.04000017210787721,0,LKFN
01-05-2000,0.02083327035982241,0,LKFN
02-05-2000,0.1428574345852578,0,LKFN
03-05-2000,0.008928364028167657,0,LKFN
04-05-2000,0.0,0,LKFN
05-05-2000,0.0,0,LKFN
08-05-2000,0.0,1,LKFN
09-05-2000,-0.0530971852705876,1,LKFN
10-05-2000,-0.09345811435261353,0,LKFN
11-05-2000,0.010309247509624031,0,LKFN
12-05-2000,0.10204061628439476,1,LKFN
15-05-2000,-0.1481481996207621,0,LKFN
16-05-2000,0.0,0,LKFN
17-05-2000,0.0434785777034703,0,LKFN
18-05-2000,0.08333297720727195,0,LKFN
19-05-2000,0.0,0,LKFN
22-05-2000,0.0,1,LKFN
23-05-2000,-0.05769205605516381,0,LKFN
24-05-2000,0.020408409150431517,0,LKFN
25-05-2000,0.01999973583442105,0,LKFN
26-05-2000,0.01960758922948158,1,LKFN
30-05-2000,-0.03846104998943567,0,LKFN
31-05-2000,0.0,0,LKFN
01-06-2000,0.0,0,LKFN
02-06-2000,0.0399994716688421,0,LKFN
05-06-2000,0.0,0,LKFN
06-06-2000,0.0,0,LKFN
07-06-2000,0.03846162727464808,0,LKFN
08-06-2000,0.0,1,LKFN
09-06-2000,-0.03703711939321941,0,LKFN
12-06-2000,0.03846162727464808,0,LKFN
13-06-2000,0.0,1,LKFN
14-06-2000,-0.03703711939321941,1,LKFN
15-06-2000,-0.03846104998943567,0,LKFN
16-06-2000,0.0,0,LKFN
19-06-2000,0.0399994716688421,1,LKFN
20-06-2000,-0.03846104998943567,0,LKFN
21-06-2000,0.0,0,LKFN
22-06-2000,0.0,0,LKFN
23-06-2000,0.0,0,LKFN
26-06-2000,0.0,0,LKFN
27-06-2000,0.0,0,LKFN
28-06-2000,0.0,0,LKFN
29-06-2000,0.009999567729052528,1,LKFN
30-06-2000,-0.0891089609175656,0,LKFN
03-07-2000,0.0,0,LKFN
05-07-2000,0.0,0,LKFN
06-07-2000,0.055408343646867975,0,LKFN
07-07-2000,0.0,0,LKFN
10-07-2000,0.03124983897838196,0,LKFN
11-07-2000,0.01010132604449887,0,LKFN
12-07-2000,0.0,1,LKFN
13-07-2000,-0.01500021715500821,0,LKFN
14-07-2000,0.0,0,LKFN
17-07-2000,0.0,1,LKFN
18-07-2000,-0.025380648459553234,0,LKFN
19-07-2000,0.015625125596862022,0,LKFN
20-07-2000,0.0051281104243843245,0,LKFN
21-07-2000,0.05612172069244914,0,LKFN
24-07-2000,0.0,0,LKFN
25-07-2000,0.004831310378236697,1,LKFN
26-07-2000,-0.004808081046377866,0,LKFN
27-07-2000,0.004831310378236697,0,LKFN
28-07-2000,0.0673080929372083,0,LKFN
31-07-2000,0.0,0,LKFN
01-08-2000,0.004504064888481318,1,LKFN
02-08-2000,-0.02242129826802952,0,LKFN
03-08-2000,0.018348833690652322,0,LKFN
04-08-2000,0.00900911018091577,0,LKFN
07-08-2000,0.0,1,LKFN
08-08-2000,-0.01785769493114797,0,LKFN
09-08-2000,0.0,0,LKFN
10-08-2000,0.0,0,LKFN
11-08-2000,0.013636388164888658,1,LKFN
14-08-2000,-0.013452938671209558,0,LKFN
15-08-2000,0.0,0,LKFN
16-08-2000,0.0,0,LKFN
17-08-2000,0.018182390514067226,0,LKFN
18-08-2000,0.0,1,LKFN
21-08-2000,-0.01785769493114797,0,LKFN
22-08-2000,0.018182390514067226,0,LKFN
23-08-2000,0.0,0,LKFN
24-08-2000,0.0,1,LKFN
25-08-2000,-0.026786012405677018,0,LKFN
28-08-2000,0.0,0,LKFN
29-08-2000,0.013761761412519391,0,LKFN
30-08-2000,0.0,0,LKFN
31-08-2000,0.013574677648409583,1,LKFN
01-09-2000,-0.03571477153941027,0,LKFN
05-09-2000,0.0,0,LKFN
06-09-2000,0.0,0,LKFN
07-09-2000,0.004629637687339372,0,LKFN
08-09-2000,0.023041879297659662,1,LKFN
11-09-2000,-0.009009466691444201,1,LKFN
12-09-2000,-0.03181832898933157,0,LKFN
13-09-2000,0.014084720305129528,1,LKFN
14-09-2000,-0.14814822278798545,0,LKFN
15-09-2000,0.06521783313079221,0,LKFN
18-09-2000,0.03061198531046272,0,LKFN
19-09-2000,0.029702921805850435,1,LKFN
20-09-2000,-0.038461128685229884,1,LKFN
21-09-2000,-0.020000124653899887,0,LKFN
22-09-2000,0.010203894152794435,1,LKFN
25-09-2000,-0.04545481799365714,1,LKFN
26-09-2000,-0.0317453587410943,0,LKFN
27-09-2000,0.04371546649952451,1,LKFN
28-09-2000,-0.020942233732599513,1,LKFN
29-09-2000,-0.09625671108575451,0,LKFN
02-10-2000,0.08284047015143448,1,LKFN
03-10-2000,-0.027323085599453956,1,LKFN
04-10-2000,-0.0337075953888033,0,LKFN
05-10-2000,0.04755048565110753,0,LKFN
06-10-2000,0.07865220855731958,0,LKFN
09-10-2000,0.07291650547114559,0,LKFN
10-10-2000,0.009708541637844181,0,LKFN
11-10-2000,0.009615004191815935,0,LKFN
12-10-2000,0.0,0,LKFN
13-10-2000,0.0,1,LKFN
16-10-2000,-0.019047058786296867,0,LKFN
17-10-2000,0.0,0,LKFN
18-10-2000,0.0,0,LKFN
19-10-2000,0.0,0,LKFN
20-10-2000,0.0,0,LKFN
23-10-2000,0.0,1,LKFN
24-10-2000,-0.04368933881334791,0,LKFN
25-10-2000,0.010152376939960961,1,LKFN
26-10-2000,-0.005025269265930499,1,LKFN
27-10-2000,-0.02020210695827751,0,LKFN
30-10-2000,0.015464060872440788,1,LKFN
31-10-2000,-0.08121782483453699,0,LKFN
01-11-2000,0.0,0,LKFN
02-11-2000,0.06077314176195148,0,LKFN
03-11-2000,0.0,0,LKFN
06-11-2000,0.031249770932680665,1,LKFN
07-11-2000,-0.03030281490818454,0,LKFN
08-11-2000,0.0,1,LKFN
09-11-2000,-0.015625241793281508,1,LKFN
10-11-2000,-0.010581797715204622,0,LKFN
13-11-2000,0.02673799921748965,0,LKFN
14-11-2000,0.0,1,LKFN
15-11-2000,-0.020832909134593902,1,LKFN
16-11-2000,-0.03191547763992009,1,LKFN
17-11-2000,-0.01648323735752244,1,LKFN
20-11-2000,-0.03351963116087786,0,LKFN
21-11-2000,0.040462110984915034,1,LKFN
22-11-2000,-0.011111322267874368,0,LKFN
24-11-2000,0.04494446430877552,0,LKFN
27-11-2000,0.03225792891380275,1,LKFN
28-11-2000,-0.04166693815385991,0,LKFN
29-11-2000,0.0,0,LKFN
30-11-2000,0.0,1,LKFN
01-12-2000,-0.0217391188875925,1,LKFN
04-12-2000,-0.00555517245685655,0,LKFN
05-12-2000,0.0502796651443973,1,LKFN
06-12-2000,-0.0478726446041251,0,LKFN
07-12-2000,0.005586204787832338,0,LKFN
08-12-2000,0.0,0,LKFN
11-12-2000,0.022222210156121358,0,LKFN
12-12-2000,0.020380809055908777,1,LKFN
13-12-2000,-0.030626078017352842,0,LKFN
14-12-2000,0.010988896506045176,0,LKFN
15-12-2000,0.01630460475106732,1,LKFN
18-12-2000,-0.037433387058182443,1,LKFN
19-12-2000,-0.022221884371401046,1,LKFN
20-12-2000,-0.011363515204071528,0,LKFN
21-12-2000,0.01149412891272883,0,LKFN
22-12-2000,0.045454171879220295,0,LKFN
26-12-2000,0.07608702234072284,1,LKFN
27-12-2000,-0.04545456789150859,1,LKFN
28-12-2000,-0.010581797715204622,0,LKFN
29-12-2000,0.0695189234012712,0,LKFN
02-01-2001,0.0,0,LKFN
03-01-2001,0.04999907151395022,0,LKFN
04-01-2001,0.009524367125663513,0,LKFN
05-01-2001,0.02830186852577854,0,LKFN
08-01-2001,0.009632496933439594,0,LKFN
09-01-2001,0.03440439140826723,1,LKFN
10-01-2001,-0.01552160228308852,0,LKFN
11-01-2001,0.00900895244045441,0,LKFN
12-01-2001,0.0,1,LKFN
16-01-2001,-0.02678580689057186,0,LKFN
17-01-2001,0.06422023400204635,1,LKFN
18-01-2001,-0.0043101513080164855,0,LKFN
19-01-2001,0.021645219020610895,0,LKFN
22-01-2001,0.01694895927025697,1,LKFN
23-01-2001,-0.03333352425022296,0,LKFN
24-01-2001,0.021551757949900496,1,LKFN
25-01-2001,-0.016877532346683988,0,LKFN
26-01-2001,0.030042978010610843,1,LKFN
29-01-2001,-0.03333352425022296,0,LKFN
30-01-2001,0.00862097022257835,0,LKFN
31-01-2001,0.0,0,LKFN
01-02-2001,0.008547118863728942,0,LKFN
02-02-2001,0.0,0,LKFN
05-02-2001,0.0,0,LKFN
06-02-2001,0.0,0,LKFN
07-02-2001,0.0,0,LKFN
08-02-2001,0.0,0,LKFN
09-02-2001,0.0,0,LKFN
12-02-2001,0.01694895927025697,0,LKFN
13-02-2001,0.06666591913292974,1,LKFN
14-02-2001,-0.046874507240599494,0,LKFN
15-02-2001,0.03278684101988416,0,LKFN
16-02-2001,0.0,0,LKFN
20-02-2001,0.015872534175283448,1,LKFN
21-02-2001,-0.023437140179286664,0,LKFN
22-02-2001,0.03199996158858465,1,LKFN
23-02-2001,-0.015503782894810914,1,LKFN
26-02-2001,-0.031495718489075064,0,LKFN
27-02-2001,0.0,0,LKFN
28-02-2001,0.008130028833104541,0,LKFN
01-03-2001,0.0,1,LKFN
02-03-2001,-0.016129241275831374,0,LKFN
05-03-2001,0.0,0,LKFN
06-03-2001,0.0,0,LKFN
07-03-2001,0.004098176597458814,0,LKFN
08-03-2001,0.012245298556545325,1,LKFN
09-03-2001,-0.016129241275831374,1,LKFN
12-03-2001,-0.01639326181658507,0,LKFN
13-03-2001,0.0,1,LKFN
14-03-2001,-0.03333352425022296,1,LKFN
15-03-2001,-0.0043101513080164855,0,LKFN
16-03-2001,0.0,1,LKFN
19-03-2001,-0.07792258732525292,1,LKFN
20-03-2001,-0.00469444479034975,1,LKFN
21-03-2001,-0.0943396760571612,0,LKFN
22-03-2001,0.04166681371976133,0,LKFN
23-03-2001,0.0,0,LKFN
26-03-2001,0.059999912877356065,0,LKFN
27-03-2001,0.15094337210321762,1,LKFN
28-03-2001,-0.08196718189638874,0,LKFN
29-03-2001,0.10714305469988661,0,LKFN
30-03-2001,0.056451329596011623,1,LKFN
02-04-2001,-0.08396924621905033,0,LKFN
03-04-2001,0.0,0,LKFN
04-04-2001,0.0,1,LKFN
05-04-2001,-0.011458804827465308,0,LKFN
06-04-2001,0.004897394149566692,1,LKFN
09-04-2001,-0.01694941956033824,0,LKFN
10-04-2001,0.013103393926397144,0,LKFN
11-04-2001,0.0,0,LKFN
12-04-2001,0.0006810886002255323,0,LKFN
16-04-2001,0.010883644897394129,0,LKFN
17-04-2001,0.0,0,LKFN
18-04-2001,0.004037848115682863,0,LKFN
19-04-2001,0.004021609467472764,1,LKFN
20-04-2001,-0.023364542401466237,0,LKFN
23-04-2001,0.01503737853072562,0,LKFN
24-04-2001,0.01010149813292971,1,LKFN
25-04-2001,-0.0006674917617590648,0,LKFN
26-04-2001,0.00600488611659844,1,LKFN
27-04-2001,-0.012600050310604849,1,LKFN
30-04-2001,-0.019475738344268634,0,LKFN
01-05-2001,0.0,0,LKFN
02-05-2001,0.02054802780823084,0,LKFN
03-05-2001,0.0,0,LKFN
04-05-2001,0.006711435832621682,1,LKFN
07-05-2001,-0.06666660810775304,0,LKFN
08-05-2001,0.0,0,LKFN
09-05-2001,0.014285341502301208,1,LKFN
10-05-2001,-0.007042283222483792,0,LKFN
11-05-2001,0.0,0,LKFN
14-05-2001,0.0,0,LKFN
15-05-2001,0.028368999772928394,1,LKFN
16-05-2001,-0.020689821525073704,0,LKFN
17-05-2001,0.008450790478092829,1,LKFN
18-05-2001,-0.02234609301372803,1,LKFN
21-05-2001,-0.04642887851654687,0,LKFN
22-05-2001,0.01198487133963333,0,LKFN
23-05-2001,0.03997022797586136,1,LKFN
24-05-2001,-0.0462626571085053,0,LKFN
25-05-2001,0.007462178257754193,0,LKFN
29-05-2001,0.00963019412197852,0,LKFN
30-05-2001,0.005868935313407597,1,LKFN
31-05-2001,-0.004376368379576445,1,LKFN
01-06-2001,-0.0029308714481172116,0,LKFN
04-06-2001,0.02130837433359911,0,LKFN
05-06-2001,0.03453246523267173,1,LKFN
06-06-2001,-0.009040528656231062,0,LKFN
07-06-2001,0.016140579096293406,1,LKFN
08-06-2001,-0.019337210122799764,0,LKFN
11-06-2001,0.0035210994353149783,0,LKFN
12-06-2001,0.0,0,LKFN
13-06-2001,0.0,0,LKFN
14-06-2001,0.0175440602035144,0,LKFN
15-06-2001,0.0034484963363135,1,LKFN
18-06-2001,-0.003436645078351508,1,LKFN
19-06-2001,-0.024137409188467518,0,LKFN
20-06-2001,0.04593575295921082,0,LKFN
21-06-2001,0.012837219089472551,0,LKFN
22-06-2001,0.005337667669598645,1,LKFN
25-06-2001,-0.004644936935284227,0,LKFN
26-06-2001,0.006666133780553141,0,LKFN
27-06-2001,0.0033112333251443804,0,LKFN
28-06-2001,0.006601084863772089,0,LKFN
29-06-2001,0.0,1,LKFN
02-07-2001,-0.003279055234973849,0,LKFN
03-07-2001,0.0,1,LKFN
05-07-2001,-0.005262739827239904,0,LKFN
06-07-2001,0.008683546084727878,0,LKFN
09-07-2001,0.006622739165421443,0,LKFN
10-07-2001,0.0125002301608379,0,LKFN
11-07-2001,0.0,0,LKFN
12-07-2001,0.0038982561990164033,1,LKFN
13-07-2001,-0.0038831188070552747,0,LKFN
16-07-2001,0.0038982561990164033,0,LKFN
17-07-2001,0.0,1,LKFN
18-07-2001,-0.0064720949529203375,0,LKFN
19-07-2001,0.0,1,LKFN
20-07-2001,-0.003257282433991371,0,LKFN
23-07-2001,0.003267926995188297,0,LKFN
24-07-2001,0.0,0,LKFN
25-07-2001,0.0,0,LKFN
26-07-2001,0.0,0,LKFN
27-07-2001,0.0,1,LKFN
30-07-2001,-0.003909109760088625,0,LKFN
31-07-2001,0.010464271581493767,1,LKFN
01-08-2001,-0.009708295945710432,0,LKFN
02-08-2001,0.02287572149830286,1,LKFN
03-08-2001,-0.0063895337739373614,0,LKFN
06-08-2001,0.045016034991981924,0,LKFN
07-08-2001,0.0,1,LKFN
08-08-2001,-0.0461539090282862,0,LKFN
09-08-2001,0.08387090900160055,0,LKFN
10-08-2001,0.0,1,LKFN
13-08-2001,-0.06250016323953067,1,LKFN
14-08-2001,-0.02222228413233651,0,LKFN
15-08-2001,0.009740661528683914,1,LKFN
16-08-2001,-0.003215540020138352,0,LKFN
17-08-2001,0.02193548969563963,0,LKFN
20-08-2001,0.006944104937733231,0,LKFN
21-08-2001,0.02445152803648143,1,LKFN
22-08-2001,-0.014075499277492964,0,LKFN
23-08-2001,0.00558623110268841,0,LKFN
24-08-2001,0.024691153775032726,1,LKFN
27-08-2001,-0.0060237977123013264,0,LKFN
28-08-2001,0.0,1,LKFN
29-08-2001,-0.0030299721942893543,0,LKFN
30-08-2001,0.003039180827690613,1,LKFN
31-08-2001,-0.0030299721942893543,0,LKFN
04-09-2001,0.0018229894344905517,0,LKFN
05-09-2001,0.0018208955245362368,0,LKFN
06-09-2001,0.0,0,LKFN
07-09-2001,0.017565016729562233,1,LKFN
10-09-2001,-0.017857169328418077,1,LKFN
17-09-2001,-0.015151370315472312,1,LKFN
18-09-2001,-0.0012311601301453479,0,LKFN
19-09-2001,0.010474692000447483,1,LKFN
20-09-2001,-0.009146210508549912,1,LKFN
21-09-2001,-0.0006155800650726739,1,LKFN
24-09-2001,-0.04495093064978117,0,LKFN
25-09-2001,0.0077369575134078605,0,LKFN
26-09-2001,0.001919389146077144,0,LKFN
27-09-2001,0.021073060825167023,1,LKFN
28-09-2001,-0.023764764674117478,0,LKFN
01-10-2001,0.005124800442214195,0,LKFN
02-10-2001,0.007010190463398791,1,LKFN
03-10-2001,-0.0006322872721863382,0,LKFN
04-10-2001,0.013298825938437453,0,LKFN
05-10-2001,0.02208246060560337,1,LKFN
08-10-2001,-0.033950432183365575,0,LKFN
09-10-2001,0.0,0,LKFN
10-10-2001,0.010223572190124042,0,LKFN
11-10-2001,0.0,0,LKFN
12-10-2001,0.0025298599414964595,0,LKFN
15-10-2001,0.01703490766328475,0,LKFN
16-10-2001,0.004962636112657348,1,LKFN
17-10-2001,-0.012346158886171965,0,LKFN
18-10-2001,0.0,0,LKFN
19-10-2001,0.0,0,LKFN
22-10-2001,0.012500491945891312,1,LKFN
23-10-2001,-0.03209853373182592,0,LKFN
24-10-2001,0.04209176200265441,1,LKFN
25-10-2001,-0.04039160804972097,0,LKFN
26-10-2001,0.0331630179832092,0,LKFN
29-10-2001,0.0,1,LKFN
30-10-2001,-0.04012296773960555,0,LKFN
31-10-2001,0.03022494415379695,0,LKFN
01-11-2001,0.0,0,LKFN
02-11-2001,0.01373263657176893,1,LKFN
05-11-2001,-0.019704226456565443,0,LKFN
06-11-2001,0.00502424158746706,1,LKFN
07-11-2001,-0.006249181313927266,0,LKFN
08-11-2001,0.0,1,LKFN
09-11-2001,-0.014465792550084289,0,LKFN
12-11-2001,0.0,0,LKFN
13-11-2001,0.0,1,LKFN
14-11-2001,-0.001276081475489299,0,LKFN
15-11-2001,0.0063896857020797615,0,LKFN
16-11-2001,0.008253926483462681,1,LKFN
19-11-2001,-0.01385393148870706,0,LKFN
20-11-2001,0.0,0,LKFN
21-11-2001,0.007663327901716865,0,LKFN
23-11-2001,0.0,0,LKFN
26-11-2001,0.0019007408429831951,0,LKFN
27-11-2001,0.0044275149725114815,0,LKFN
28-11-2001,0.0012597240591758485,0,LKFN
29-11-2001,0.0062884791603894374,0,LKFN
30-11-2001,0.0,0,LKFN
03-12-2001,0.0,0,LKFN
04-12-2001,0.005625658252972343,0,LKFN
05-12-2001,0.019266571368783403,1,LKFN
06-12-2001,-0.02560989613303899,0,LKFN
07-12-2001,0.0,0,LKFN
10-12-2001,0.01689661930872899,0,LKFN
11-12-2001,0.0,1,LKFN
12-12-2001,-0.008000318098350223,0,LKFN
13-12-2001,0.0,0,LKFN
14-12-2001,0.0,0,LKFN
17-12-2001,0.023573304974996212,0,LKFN
18-12-2001,0.024242292630829443,0,LKFN
19-12-2001,0.00828362871097199,1,LKFN
20-12-2001,-0.0023469719738784534,0,LKFN
21-12-2001,0.0,0,LKFN
24-12-2001,0.0,1,LKFN
26-12-2001,-0.008235453873559506,0,LKFN
27-12-2001,0.0,0,LKFN
28-12-2001,0.023131836381774518,0,LKFN
31-12-2001,0.021449243935740325,0,LKFN
02-01-2002,0.015322812713606693,1,LKFN
03-01-2002,-0.007824838869377126,1,LKFN
04-01-2002,-0.01239425601205646,1,LKFN
07-01-2002,-0.004563606815554344,0,LKFN
08-01-2002,0.009248499342215721,0,LKFN
09-01-2002,0.004009131595853921,0,LKFN
10-01-2002,0.001140778285853461,0,LKFN
11-01-2002,0.0,1,LKFN
14-01-2002,-0.0011394783936446995,0,LKFN
15-01-2002,0.013690867554910113,0,LKFN
16-01-2002,0.012380850446193081,0,LKFN
17-01-2002,0.013896010433191774,0,LKFN
18-01-2002,0.0005483142640825278,0,LKFN
22-01-2002,0.010958871588124364,0,LKFN
23-01-2002,0.006503869192360678,1,LKFN
24-01-2002,-0.0032306075115121624,1,LKFN
25-01-2002,-0.0005402531034822688,1,LKFN
28-01-2002,-0.012432601053955938,0,LKFN
29-01-2002,0.012589116517236487,0,LKFN
30-01-2002,0.016216228126919363,0,LKFN
31-01-2002,0.022872224792883866,1,LKFN
01-02-2002,-0.0015597729864981202,0,LKFN
04-02-2002,0.01302057757657371,0,LKFN
05-02-2002,0.005141252556119857,0,LKFN
06-02-2002,0.01278771586211036,1,LKFN
07-02-2002,-0.0015152823519252179,0,LKFN
08-02-2002,0.00657579555815091,1,LKFN
11-02-2002,-0.005025169156113396,0,LKFN
12-02-2002,0.0,1,LKFN
13-02-2002,-0.002524921571197214,0,LKFN
14-02-2002,0.01265821590441063,1,LKFN
15-02-2002,-0.0010003577947543807,1,LKFN
19-02-2002,-0.029029049685456054,0,LKFN
20-02-2002,0.005154864464701037,0,LKFN
21-02-2002,0.021537869036372337,0,LKFN
22-02-2002,0.015060963017585749,1,LKFN
25-02-2002,-0.005934998415390691,0,LKFN
26-02-2002,0.0,0,LKFN
27-02-2002,0.0064672543460284615,1,LKFN
28-02-2002,-0.006425697724493529,0,LKFN
01-03-2002,0.002487352029904244,1,LKFN
04-03-2002,-0.012406711522050418,1,LKFN
05-03-2002,-0.007537402569309459,1,LKFN
06-03-2002,-0.009114118314760278,0,LKFN
07-03-2002,0.005109667768040005,1,LKFN
08-03-2002,-0.008642382627624956,0,LKFN
11-03-2002,0.0,0,LKFN
12-03-2002,0.015897153582932422,0,LKFN
13-03-2002,0.004543317673127101,0,LKFN
14-03-2002,0.0,0,LKFN
15-03-2002,0.0,0,LKFN
18-03-2002,0.024120577839437107,0,LKFN
19-03-2002,0.0034353412675971473,1,LKFN
20-03-2002,-0.01956040210891441,0,LKFN
21-03-2002,0.004987225513515048,0,LKFN
22-03-2002,0.007444119395379367,1,LKFN
25-03-2002,-0.009851960684415073,0,LKFN
26-03-2002,0.00497528351096399,1,LKFN
27-03-2002,-0.004950652610661743,0,LKFN
28-03-2002,0.0019899511580621088,1,LKFN
01-04-2002,-0.0019859991168196256,0,LKFN
02-04-2002,0.00497528351096399,0,LKFN
03-04-2002,0.004950076028167771,0,LKFN
04-04-2002,0.0059116124548923565,0,LKFN
05-04-2002,0.025954828928741236,0,LKFN
08-04-2002,0.0057753401359788015,1,LKFN
09-04-2002,-0.006698101130504286,0,LKFN
10-04-2002,0.04046205783368895,0,LKFN
11-04-2002,0.02083324196556413,1,LKFN
12-04-2002,-0.014058679962797416,0,LKFN
15-04-2002,0.0013799172304729268,0,LKFN
16-04-2002,0.024345262126516776,0,LKFN
17-04-2002,0.00986569005798077,1,LKFN
18-04-2002,-0.000888286893890089,1,LKFN
19-04-2002,-0.00044433294760126696,1,LKFN
22-04-2002,-0.006225275753744763,1,LKFN
23-04-2002,-0.01118546262018949,0,LKFN
24-04-2002,0.01809950162413876,1,LKFN
25-04-2002,-0.0008886658952025339,0,LKFN
26-04-2002,0.0053378685259393155,0,LKFN
29-04-2002,0.04513225716287739,1,LKFN
30-04-2002,-0.0021166134888477295,0,LKFN
01-05-2002,0.0008485196390732863,0,LKFN
02-05-2002,0.030097497030348475,1,LKFN
03-05-2002,-0.01851863120820796,0,LKFN
06-05-2002,0.058700035388779215,0,LKFN
07-05-2002,0.009901347963578555,0,LKFN
08-05-2002,0.013725220327932108,0,LKFN
09-05-2002,0.005803042286816051,1,LKFN
10-05-2002,-0.000768948998766783,0,LKFN
13-05-2002,0.0007695407363454976,0,LKFN
14-05-2002,0.01346118402683305,0,LKFN
15-05-2002,0.003795518979743173,0,LKFN
16-05-2002,0.011342279516556308,0,LKFN
17-05-2002,0.019438950852726178,1,LKFN
20-05-2002,-0.006233749464528704,1,LKFN
21-05-2002,-0.016605432993952784,1,LKFN
22-05-2002,-0.001875962451620583,1,LKFN
23-05-2002,-0.02255646542933254,0,LKFN
24-05-2002,0.0,0,LKFN
28-05-2002,0.028461421296430478,0,LKFN
29-05-2002,0.01907269482971108,0,LKFN
30-05-2002,0.02385341808014263,0,LKFN
31-05-2002,0.005376319598229706,1,LKFN
03-06-2002,-0.019607946504043294,1,LKFN
04-06-2002,-0.009090980887960898,0,LKFN
05-06-2002,0.017247789623786813,0,LKFN
06-06-2002,0.0,1,LKFN
07-06-2002,-0.022727238629129176,1,LKFN
10-06-2002,-0.006644727387325244,0,LKFN
11-06-2002,0.003344158266632258,0,LKFN
12-06-2002,0.011111238520922662,0,LKFN
13-06-2002,0.0,1,LKFN
14-06-2002,-0.014285520838005827,1,LKFN
17-06-2002,-0.0026010406051338864,1,LKFN
18-06-2002,-0.01453060680580509,0,LKFN
19-06-2002,0.02646467828236143,1,LKFN
20-06-2002,-0.005525009512159618,1,LKFN
21-06-2002,-0.006295917806751539,1,LKFN
24-06-2002,-0.008572410539108954,0,LKFN
25-06-2002,0.002631700552120364,0,LKFN
26-06-2002,0.016122923266261857,0,LKFN
27-06-2002,0.0199258034260561,0,LKFN
28-06-2002,0.0434159155550633,0,LKFN
01-07-2002,0.02149740887064633,1,LKFN
02-07-2002,-0.005770345201931537,1,LKFN
03-07-2002,-0.0003412489522331974,0,LKFN
05-07-2002,0.004098200248156658,0,LKFN
08-07-2002,0.0017110989439250712,0,LKFN
09-07-2002,0.00034135278319813445,1,LKFN
10-07-2002,-0.005121211039868845,1,LKFN
11-07-2002,-0.020590133725427284,1,LKFN
12-07-2002,-0.00490534522861108,0,LKFN
15-07-2002,0.007042157256781145,1,LKFN
16-07-2002,-0.008391671186630423,1,LKFN
17-07-2002,-0.009168430958374496,0,LKFN
18-07-2002,0.005339072073508255,1,LKFN
19-07-2002,-0.015929469934080953,1,LKFN
22-07-2002,-0.016187490709227093,1,LKFN
23-07-2002,-0.048262836066610526,0,LKFN
24-07-2002,0.066077549606258,1,LKFN
25-07-2002,-0.0018019428997340103,1,LKFN
26-07-2002,-0.003971049197887044,0,LKFN
29-07-2002,0.02392212039307484,0,LKFN
30-07-2002,0.008849027899828332,1,LKFN
31-07-2002,-0.043859545896898666,0,LKFN
01-08-2002,0.03412894105270081,1,LKFN
02-08-2002,-0.00638777829757986,1,LKFN
05-08-2002,-0.030357957546918612,0,LKFN
06-08-2002,0.001842358421841217,1,LKFN
07-08-2002,-0.012500353648149831,0,LKFN
08-08-2002,0.0040956652997343745,1,LKFN
09-08-2002,-0.015943458419145684,1,LKFN
12-08-2002,-0.012057330940303035,1,LKFN
13-08-2002,-0.03127381070341306,0,LKFN
14-08-2002,0.003936592000925998,0,LKFN
15-08-2002,0.003529472809546741,1,LKFN
16-08-2002,-0.003517059443870152,0,LKFN
19-08-2002,0.047059006875895815,0,LKFN
20-08-2002,0.0014982963815217687,0,LKFN
21-08-2002,0.006357481425381506,0,LKFN
22-08-2002,0.0014864330651414015,1,LKFN
23-08-2002,-0.03970351603140598,0,LKFN
26-08-2002,0.03207115139038064,1,LKFN
27-08-2002,-0.009734121163250897,1,LKFN
28-08-2002,-0.01701300496909597,1,LKFN
29-08-2002,-0.0030769165525317277,0,LKFN
30-08-2002,0.01851830188251169,1,LKFN
03-09-2002,-0.026514970239115532,0,LKFN
04-09-2002,0.02645917777422624,1,LKFN
05-09-2002,-0.0428360648971281,0,LKFN
06-09-2002,0.025743058138880004,1,LKFN
09-09-2002,-0.0335905113464019,0,LKFN
10-09-2002,0.02756656007607794,1,LKFN
11-09-2002,-0.0233281055465151,1,LKFN
12-09-2002,-0.020700505743510678,0,LKFN
13-09-2002,0.006097291656181003,1,LKFN
16-09-2002,-0.0189895170114327,0,LKFN
17-09-2002,0.0008236741315801321,0,LKFN
18-09-2002,0.016049277680409757,1,LKFN
19-09-2002,-0.02146611394135356,0,LKFN
20-09-2002,0.011589189571564518,1,LKFN
23-09-2002,-0.022094461858289782,1,LKFN
24-09-2002,-0.008368277245582867,0,LKFN
25-09-2002,0.02236260017954428,1,LKFN
26-09-2002,-0.016095266320096835,1,LKFN
27-09-2002,-0.005872709399553311,1,LKFN
30-09-2002,-0.00042181881059888404,0,LKFN
01-10-2002,0.006753500527592937,1,LKFN
02-10-2002,-0.001257883200247445,1,LKFN
03-10-2002,-0.0020989517103201516,0,LKFN
04-10-2002,0.006310003085710836,0,LKFN
07-10-2002,0.002090849785618687,0,LKFN
08-10-2002,0.028991937814016433,1,LKFN
09-10-2002,-0.054716335700070284,0,LKFN
10-10-2002,0.029373832856705695,0,LKFN
11-10-2002,0.0067143507990106155,1,LKFN
14-10-2002,-0.034598264263475675,0,LKFN
15-10-2002,0.03756468774780464,1,LKFN
16-10-2002,-0.024552370144582114,0,LKFN
17-10-2002,0.022184255839877487,1,LKFN
18-10-2002,-0.012937945041720522,0,LKFN
21-10-2002,0.004228179336834836,1,LKFN
22-10-2002,-0.007158082844609948,0,LKFN
23-10-2002,0.017388048411790313,1,LKFN
24-10-2002,-0.027928410066826892,0,LKFN
25-10-2002,0.016294974393401995,1,LKFN
28-10-2002,-0.020253349967081835,0,LKFN
29-10-2002,0.014212307641531696,0,LKFN
30-10-2002,0.019108081618105732,1,LKFN
31-10-2002,-0.03125012473326094,0,LKFN
01-11-2002,0.05118267042561686,0,LKFN
04-11-2002,0.0016368087576688062,1,LKFN
05-11-2002,-0.00571904970342596,0,LKFN
06-11-2002,0.00451941241735021,1,LKFN
07-11-2002,-0.014314980695909973,0,LKFN
08-11-2002,0.0037346105011633046,1,LKFN
11-11-2002,-0.022736896574190757,0,LKFN
12-11-2002,0.0021158528319671355,1,LKFN
13-11-2002,-0.016463029814052677,0,LKFN
14-11-2002,0.012875076439831767,1,LKFN
15-11-2002,-0.013135497107057414,1,LKFN
18-11-2002,-0.0017174341453564113,1,LKFN
19-11-2002,-0.01032233279894712,0,LKFN
20-11-2002,0.026944698090996422,0,LKFN
21-11-2002,0.0008464095353839518,1,LKFN
22-11-2002,-0.017759279051156485,1,LKFN
25-11-2002,-0.009900385435002712,0,LKFN
26-11-2002,0.013912702689462542,0,LKFN
27-11-2002,0.02358475156973805,0,LKFN
29-11-2002,0.013824815660206324,1,LKFN
02-12-2002,-0.005785032599478712,1,LKFN
03-12-2002,-0.017040582688447103,1,LKFN
04-12-2002,-0.003382774928580412,0,LKFN
05-12-2002,0.005939562563153533,0,LKFN
06-12-2002,0.039645590004333764,1,LKFN
09-12-2002,-0.018660860539223334,0,LKFN
10-12-2002,0.004960702003638184,0,LKFN
11-12-2002,0.0238581531564539,1,LKFN
12-12-2002,-0.01566886820791047,1,LKFN
13-12-2002,-0.012244838302129746,0,LKFN
16-12-2002,0.018594855354863826,1,LKFN
17-12-2002,-0.014198283718252047,1,LKFN
18-12-2002,-0.0016461444571074235,0,LKFN
19-12-2002,0.020197626124811574,0,LKFN
20-12-2002,0.0,0,LKFN
23-12-2002,0.0,1,LKFN
24-12-2002,-0.02545441878326049,1,LKFN
26-12-2002,-0.010364947131299207,1,LKFN
27-12-2002,-0.004608494842460731,1,LKFN
30-12-2002,-0.018097140255956767,0,LKFN
31-12-2002,0.005143369091529015,0,LKFN
02-01-2003,0.00639636139894173,1,LKFN
03-01-2003,-0.012711415987336272,0,LKFN
06-01-2003,0.016738597849494274,1,LKFN
07-01-2003,-0.005488543110341304,1,LKFN
08-01-2003,-0.014107697749889736,0,LKFN
09-01-2003,0.025151878294689567,0,LKFN
10-01-2003,0.0046532772079264095,1,LKFN
13-01-2003,-0.02526368318012795,0,LKFN
14-01-2003,0.02807770878133886,1,LKFN
15-01-2003,-0.01680644765683892,1,LKFN
16-01-2003,-0.014957475655757668,0,LKFN
17-01-2003,0.01822102752099264,0,LKFN
21-01-2003,0.000852687809362207,1,LKFN
22-01-2003,-0.002554534491517546,0,LKFN
23-01-2003,0.00341444698619231,1,LKFN
24-01-2003,-0.003827965025899216,0,LKFN
27-01-2003,0.004269445128763927,0,LKFN
28-01-2003,0.005527414485517079,1,LKFN
29-01-2003,-0.0021142497194899246,0,LKFN
30-01-2003,0.0,0,LKFN
31-01-2003,0.029661249908249587,0,LKFN
03-02-2003,0.012345147516783284,0,LKFN
04-02-2003,0.014227574175913249,1,LKFN
05-02-2003,-0.01803580551239825,1,LKFN
06-02-2003,-0.00938765279474263,1,LKFN
07-02-2003,-0.0004119172560395068,1,LKFN
10-02-2003,-0.00989270150517696,0,LKFN
11-02-2003,0.007493752927689057,1,LKFN
12-02-2003,-0.0037190071431772997,1,LKFN
13-02-2003,-0.002073911142646878,0,LKFN
14-02-2003,0.001246913890473822,0,LKFN
18-02-2003,0.005396345148769299,1,LKFN
19-02-2003,-0.026424604425616338,0,LKFN
20-02-2003,0.00763368381589502,1,LKFN
21-02-2003,-0.005050155128040745,1,LKFN
24-02-2003,-0.005922344102282429,0,LKFN
25-02-2003,0.02170208973200838,0,LKFN
26-02-2003,0.00041656638391329714,0,LKFN
27-02-2003,0.011240535121004314,1,LKFN
28-02-2003,-0.00370513449885268,0,LKFN
03-03-2003,0.0,0,LKFN
04-03-2003,0.01694185254762659,1,LKFN
05-03-2003,-0.00040659446724211623,0,LKFN
06-03-2003,0.0,0,LKFN
07-03-2003,0.0008133356112129952,1,LKFN
10-03-2003,-0.006498453931575665,0,LKFN
11-03-2003,0.027800283723029784,0,LKFN
12-03-2003,0.010739584332555507,1,LKFN
13-03-2003,-0.0003935260684285735,1,LKFN
14-03-2003,-0.003936809921616824,0,LKFN
17-03-2003,0.003952369649667498,1,LKFN
18-03-2003,-0.006692487717973261,0,LKFN
19-03-2003,0.0007924873989566539,0,LKFN
20-03-2003,0.005148703300333901,1,LKFN
21-03-2003,-0.011426454644276718,1,LKFN
24-03-2003,-0.0015945410884034006,0,LKFN
25-03-2003,0.004790630370555382,1,LKFN
26-03-2003,-0.004767789652645016,0,LKFN
27-03-2003,0.0,1,LKFN
28-03-2003,-0.007983992241993643,0,LKFN
31-03-2003,0.006036369295861155,1,LKFN
01-04-2003,-0.005199737658163395,0,LKFN
02-04-2003,0.012866437485278492,1,LKFN
03-04-2003,-0.0027784711945196827,1,LKFN
04-04-2003,-0.008758149101721568,0,LKFN
07-04-2003,0.00803217781827592,1,LKFN
08-04-2003,-0.0036136230775337674,0,LKFN
09-04-2003,0.0036260949178716917,1,LKFN
10-04-2003,-0.008430258861911843,0,LKFN
11-04-2003,0.001214600756637152,1,LKFN
14-04-2003,-0.002830266862560271,0,LKFN
15-04-2003,0.026358116439011647,0,LKFN
16-04-2003,0.02133554002544691,0,LKFN
17-04-2003,0.020889843924275064,1,LKFN
21-04-2003,-0.035240599279487195,1,LKFN
22-04-2003,-0.001178255523365146,1,LKFN
23-04-2003,-0.01533645124756633,1,LKFN
24-04-2003,-0.001597657558678356,0,LKFN
25-04-2003,0.0600000305624544,1,LKFN
28-04-2003,-0.00037711218226688104,1,LKFN
29-04-2003,-0.024537657578174055,0,LKFN
30-04-2003,0.014318842671970478,0,LKFN
01-05-2003,0.030141468024087015,0,LKFN
02-05-2003,0.029999965875269874,0,LKFN
05-05-2003,0.0068320572720141914,1,LKFN
06-05-2003,-0.007142767138664352,1,LKFN
07-05-2003,-0.017985423669077183,1,LKFN
08-05-2003,-0.03296739027449802,0,LKFN
09-05-2003,0.020833093925807677,1,LKFN
12-05-2003,-0.04675333143825888,1,LKFN
13-05-2003,-0.015180718633734491,0,LKFN
14-05-2003,0.011857959235445081,0,LKFN
15-05-2003,0.0035150842788924663,1,LKFN
16-05-2003,-0.005449183698390869,0,LKFN
19-05-2003,0.0019570764263368012,1,LKFN
20-05-2003,-0.001953253759449436,0,LKFN
21-05-2003,0.0007827074341815177,0,LKFN
22-05-2003,0.029722433074782284,0,LKFN
23-05-2003,0.0,0,LKFN
27-05-2003,0.00987419305749282,1,LKFN
28-05-2003,-0.03948828185909836,0,LKFN
29-05-2003,0.03758792959965529,0,LKFN
30-05-2003,0.019245526319114692,0,LKFN
02-06-2003,0.020733418502653533,1,LKFN
03-06-2003,-0.004715694654084279,0,LKFN
04-06-2003,0.032799450310960765,0,LKFN
05-06-2003,0.05363348729632822,1,LKFN
06-06-2003,-0.021767894171724755,1,LKFN
09-06-2003,-0.010613183051711772,0,LKFN
10-06-2003,0.020761694471526315,1,LKFN
11-06-2003,-0.0010170468664276733,1,LKFN
12-06-2003,-0.007126118596103348,1,LKFN
13-06-2003,-0.0003412332321077738,0,LKFN
16-06-2003,0.04478611171485625,0,LKFN
17-06-2003,0.004581395923438647,1,LKFN
18-06-2003,-0.02475621859082211,1,LKFN
19-06-2003,-0.02137549356324331,0,LKFN
20-06-2003,0.029009770346092978,0,LKFN
23-06-2003,0.010613899459648968,0,LKFN
24-06-2003,0.0003282723148287925,1,LKFN
25-06-2003,-0.04002678990889841,0,LKFN
26-06-2003,0.024607270733202125,0,LKFN
27-06-2003,0.004002603438754804,1,LKFN
30-06-2003,-0.008970290532143932,0,LKFN
01-07-2003,0.0026819214762019428,0,LKFN
02-07-2003,0.019391622553986076,0,LKFN
03-07-2003,0.017055209035595542,0,LKFN
07-07-2003,0.0,0,LKFN
08-07-2003,0.04639803489516248,0,LKFN
09-07-2003,0.016744098237768013,1,LKFN
10-07-2003,-0.006709401165069018,1,LKFN
11-07-2003,-0.032852445800633845,0,LKFN
14-07-2003,0.04095255881968396,1,LKFN
15-07-2003,-0.009758881278773668,1,LKFN
16-07-2003,-0.006159547318980163,1,LKFN
17-07-2003,-0.0235513039116102,0,LKFN
18-07-2003,0.021579669089247577,1,LKFN
21-07-2003,-0.03199685385131923,0,LKFN
22-07-2003,0.011232432390588354,0,LKFN
23-07-2003,0.001903871635672294,0,LKFN
24-07-2003,0.0019003245429733973,0,LKFN
25-07-2003,0.009168810636207336,1,LKFN
28-07-2003,-0.0015664378292741254,0,LKFN
29-07-2003,0.0006270816141675795,1,LKFN
30-07-2003,-0.0075255863422220015,0,LKFN
31-07-2003,0.01042653219080325,1,LKFN
01-08-2003,-0.03533444057044155,1,LKFN
04-08-2003,-0.013938229959255977,0,LKFN
05-08-2003,0.0016436047322248015,1,LKFN
06-08-2003,-0.0022973148002972676,0,LKFN
07-08-2003,0.0138151868312264,1,LKFN
08-08-2003,-0.0071375421149190155,0,LKFN
11-08-2003,0.0,0,LKFN
12-08-2003,0.01307149088335624,1,LKFN
13-08-2003,-0.009999824204250496,0,LKFN
14-08-2003,0.02867378373939089,1,LKFN
15-08-2003,-0.009819840941824087,0,LKFN
18-08-2003,0.012476287230682281,0,LKFN
19-08-2003,0.0,0,LKFN
20-08-2003,0.0,0,LKFN
21-08-2003,0.007898864500738956,0,LKFN
22-08-2003,0.0053297330813548704,1,LKFN
25-08-2003,-0.0021831170470958394,1,LKFN
26-08-2003,-0.00031289521953614674,0,LKFN
27-08-2003,0.00031299315359767377,1,LKFN
28-08-2003,-0.009687816699098462,1,LKFN
29-08-2003,-0.008519750747744137,0,LKFN
02-09-2003,0.01782290812617804,1,LKFN
03-09-2003,-0.005003029991291652,0,LKFN
04-09-2003,0.005656884904049475,0,LKFN
05-09-2003,0.0009374991275505895,0,LKFN
08-09-2003,0.0015607096675580578,0,LKFN
09-09-2003,0.0003111403275599667,1,LKFN
10-09-2003,-0.005920128276058034,0,LKFN
11-09-2003,0.0059553849187101715,1,LKFN
12-09-2003,-0.0012453574018447267,0,LKFN
15-09-2003,0.0,0,LKFN
16-09-2003,0.0003119888890978917,0,LKFN
17-09-2003,0.0006232955076257429,0,LKFN
18-09-2003,0.00124713732100723,1,LKFN
19-09-2003,-0.0006226181154335153,0,LKFN
22-09-2003,0.02959473368580423,0,LKFN
23-09-2003,0.009682518701010556,1,LKFN
24-09-2003,-0.03206465699396166,0,LKFN
25-09-2003,0.015789182536060542,0,LKFN
26-09-2003,0.036269429699104405,0,LKFN
29-09-2003,0.007647535696612584,1,LKFN
30-09-2003,-0.014010883504208427,0,LKFN
01-10-2003,0.02723511867511408,1,LKFN
02-10-2003,-0.010662665557612305,1,LKFN
03-10-2003,-0.001456602496958448,0,LKFN
06-10-2003,0.012252032161714776,0,LKFN
07-10-2003,0.0,1,LKFN
08-10-2003,-0.008113998910555531,0,LKFN
09-10-2003,0.007888297026332536,0,LKFN
10-10-2003,0.0,0,LKFN
13-10-2003,0.037391147923191204,0,LKFN
14-10-2003,0.008662096499313598,1,LKFN
15-10-2003,-0.001385660176932535,1,LKFN
16-10-2003,-0.02912611668228926,1,LKFN
17-10-2003,-0.012856736143292635,0,LKFN
20-10-2003,0.010129371351628391,1,LKFN
21-10-2003,-0.01002779608128268,1,LKFN
22-10-2003,-0.00260563413332493,1,LKFN
23-10-2003,-0.013348530944172321,1,LKFN
24-10-2003,-0.010294213241147432,0,LKFN
27-10-2003,0.020505592908502512,0,LKFN
28-10-2003,0.06202643794138196,0,LKFN
29-10-2003,0.0008227790857340267,0,LKFN
30-10-2003,0.019178014166528756,1,LKFN
31-10-2003,-0.028225529085364465,0,LKFN
03-11-2003,0.033471486519434324,1,LKFN
04-11-2003,-0.008297607778053773,1,LKFN
05-11-2003,-0.0021594299474246847,0,LKFN
06-11-2003,0.0008113509341531877,1,LKFN
07-11-2003,-0.013513313942493888,0,LKFN
10-11-2003,0.0005478858834582212,1,LKFN
11-11-2003,-0.0005475858688906987,0,LKFN
12-11-2003,0.01095875221987197,1,LKFN
13-11-2003,-0.024389834274311073,0,LKFN
14-11-2003,0.002777908207107771,1,LKFN
17-11-2003,-0.020776288425535028,1,LKFN
18-11-2003,-0.045827141137329885,0,LKFN
19-11-2003,0.05810807678316343,1,LKFN
20-11-2003,-0.029700477115823354,1,LKFN
21-11-2003,-0.0011546228659585767,0,LKFN
24-11-2003,0.039028674567283206,1,LKFN
25-11-2003,-0.018642360325683227,0,LKFN
26-11-2003,0.00510400727927518,0,LKFN
28-11-2003,0.010718724615509156,0,LKFN
01-12-2003,0.0075364149188617,0,LKFN
02-12-2003,0.004709029514254226,1,LKFN
03-12-2003,-0.03143144226982253,0,LKFN
04-12-2003,0.003130920228904932,1,LKFN
05-12-2003,-0.004823827552419613,1,LKFN
08-12-2003,-0.019960015112298835,1,LKFN
09-12-2003,-0.004654978208629479,0,LKFN
10-12-2003,0.0008767442278732052,0,LKFN
11-12-2003,0.03650679392443701,0,LKFN
12-12-2003,0.014370916887304519,1,LKFN
15-12-2003,-0.03166705528094094,0,LKFN
16-12-2003,0.01893248381571322,0,LKFN
17-12-2003,0.012387616048501249,0,LKFN
18-12-2003,0.02196935452169102,1,LKFN
19-12-2003,-0.0598638593970906,0,LKFN
22-12-2003,0.04138881604405609,0,LKFN
23-12-2003,0.00027768606633293835,1,LKFN
24-12-2003,-0.00333439365397481,1,LKFN
26-12-2003,-0.0183993431017635,0,LKFN
29-12-2003,0.03464953717933006,0,LKFN
30-12-2003,0.0019213153940647043,1,LKFN
31-12-2003,-0.03232873591170149,0,LKFN
02-01-2004,0.028029082411065387,0,LKFN
05-01-2004,0.01129193511771276,1,LKFN
06-01-2004,-0.005446638578933016,0,LKFN
07-01-2004,0.012661623135019617,0,LKFN
08-01-2004,0.0,1,LKFN
09-01-2004,-0.021473227611996437,1,LKFN
12-01-2004,-0.015000571142259389,0,LKFN
13-01-2004,0.015229015066186236,0,LKFN
14-01-2004,0.0,0,LKFN
15-01-2004,0.0,0,LKFN
16-01-2004,0.03111095670594355,1,LKFN
20-01-2004,-0.016702294275116603,1,LKFN
21-01-2004,-0.013698775265477026,1,LKFN
22-01-2004,-0.024444643179717396,0,LKFN
23-01-2004,0.03843940820942282,0,LKFN
26-01-2004,0.041678062475408284,1,LKFN
27-01-2004,-0.029218345735456785,1,LKFN
28-01-2004,-0.024132017986656762,1,LKFN
29-01-2004,-0.025007025376636682,1,LKFN
30-01-2004,-0.0019949516639836684,1,LKFN
02-02-2004,-0.008281212417351247,1,LKFN
03-02-2004,-0.006621743368394828,1,LKFN
04-02-2004,-0.0168122443450478,1,LKFN
05-02-2004,-0.005895732764478079,0,LKFN
06-02-2004,0.05189726588131083,1,LKFN
09-02-2004,-0.0157877050953249,0,LKFN
10-02-2004,0.016040954961707765,1,LKFN
11-02-2004,-0.02452746216557533,0,LKFN
12-02-2004,0.011560809925348359,1,LKFN
13-02-2004,-0.02857142857142858,1,LKFN
17-02-2004,-0.0011763328078180368,1,LKFN
18-02-2004,-0.007655949084054092,1,LKFN
19-02-2004,-0.01928832394380975,0,LKFN
20-02-2004,0.03177027711607905,0,LKFN
23-02-2004,0.010264153378904739,0,LKFN
24-02-2004,0.039187056387196995,1,LKFN
25-02-2004,-0.005586740107242583,0,LKFN
26-02-2004,0.002809094596603501,1,LKFN
27-02-2004,-0.023809830341921967,0,LKFN
01-03-2004,0.011477879641760724,1,LKFN
02-03-2004,-0.0017019286644279763,0,LKFN
03-03-2004,0.0017048301637516694,1,LKFN
04-03-2004,-0.004254947033347167,0,LKFN
05-03-2004,0.0017092012251100908,1,LKFN
08-03-2004,-0.0014223439602513155,1,LKFN
09-03-2004,-0.01708904030056768,1,LKFN
10-03-2004,-0.02897666549427147,1,LKFN
11-03-2004,-0.008653908607650918,0,LKFN
12-03-2004,0.04394951435490313,1,LKFN
15-03-2004,-0.035756176970256015,1,LKFN
16-03-2004,-0.006279368045584044,0,LKFN
17-03-2004,0.015647935124763146,1,LKFN
18-03-2004,-0.015110915451115536,1,LKFN
19-03-2004,-0.01383898888389723,1,LKFN
22-03-2004,-0.03965793946133267,0,LKFN
23-03-2004,0.01651824173328076,1,LKFN
24-03-2004,-0.004687434399948787,0,LKFN
25-03-2004,0.03359485560171649,1,LKFN
26-03-2004,-0.001214857467195074,0,LKFN
29-03-2004,0.0167273467744673,0,LKFN
30-03-2004,0.00957204471695694,1,LKFN
31-03-2004,-0.0038510086088724416,0,LKFN
01-04-2004,0.005353128215199288,0,LKFN
02-04-2004,0.0011837511699732683,1,LKFN
05-04-2004,-0.001477629284236892,1,LKFN
06-04-2004,-0.006253953516294208,0,LKFN
07-04-2004,0.0017981548332066666,0,LKFN
08-04-2004,0.012862583520774296,0,LKFN
12-04-2004,0.0017721979203815241,0,LKFN
13-04-2004,0.0020634318355039483,1,LKFN
14-04-2004,-0.023241961253276378,0,LKFN
15-04-2004,0.0,1,LKFN
16-04-2004,-0.005120208589086905,1,LKFN
19-04-2004,-0.026945327697210364,1,LKFN
20-04-2004,-0.023024230091030273,0,LKFN
21-04-2004,0.012738693588580485,0,LKFN
22-04-2004,0.029245191553397776,1,LKFN
23-04-2004,-0.026581098069204945,0,LKFN
26-04-2004,0.04425590064200957,0,LKFN
27-04-2004,0.0,1,LKFN
28-04-2004,-0.040576629574829215,1,LKFN
29-04-2004,-0.012845084282407493,1,LKFN
30-04-2004,-0.03332267298082903,1,LKFN
03-05-2004,-0.014116822993175404,0,LKFN
04-05-2004,0.015984171000926306,0,LKFN
05-05-2004,0.0,1,LKFN
06-05-2004,-0.028515288180144482,1,LKFN
07-05-2004,-0.008097095503808216,1,LKFN
10-05-2004,-0.03367344461735711,0,LKFN
11-05-2004,0.08201323662586613,0,LKFN
12-05-2004,0.010084882805465156,0,LKFN
13-05-2004,0.015136937618682289,1,LKFN
14-05-2004,-0.037119607158609735,0,LKFN
17-05-2004,0.008237320378633006,0,LKFN
18-05-2004,0.013071804431016742,1,LKFN
19-05-2004,-0.023871072900897294,1,LKFN
20-05-2004,-0.011566418662787736,0,LKFN
21-05-2004,0.003343487629095865,0,LKFN
24-05-2004,0.014994825131596112,0,LKFN
25-05-2004,0.06795805454961767,0,LKFN
26-05-2004,0.006763036590940796,1,LKFN
27-05-2004,-0.014351274863135144,0,LKFN
28-05-2004,0.02199538564051884,0,LKFN
01-06-2004,0.006365400677836419,0,LKFN
02-06-2004,0.006024782521271588,1,LKFN
03-06-2004,-0.023054861905874247,0,LKFN
04-06-2004,0.012565256942407288,0,LKFN
07-06-2004,0.006053693455526865,0,LKFN
08-06-2004,0.01113065197659835,1,LKFN
09-06-2004,-0.0035701071443762222,1,LKFN
10-06-2004,-0.004777329108587969,1,LKFN
14-06-2004,-0.0006000821060956341,1,LKFN
15-06-2004,-0.005403981787634793,0,LKFN
16-06-2004,0.018110680942328372,1,LKFN
17-06-2004,-0.023717786292203225,0,LKFN
18-06-2004,0.006073313079175913,0,LKFN
21-06-2004,0.0247513015148364,1,LKFN
22-06-2004,-0.02680459102180799,0,LKFN
23-06-2004,0.012409862223857537,0,LKFN
24-06-2004,0.0011953331850107496,0,LKFN
25-06-2004,0.015228400434049938,1,LKFN
28-06-2004,-0.026470665359600853,0,LKFN
29-06-2004,0.00785514403729004,0,LKFN
30-06-2004,0.004196732111244161,1,LKFN
01-07-2004,-0.024179406852827934,0,LKFN
02-07-2004,0.01682514164538107,1,LKFN
06-07-2004,-0.0015043992712132637,1,LKFN
07-07-2004,-0.00606450888097243,1,LKFN
08-07-2004,-0.02379542908517196,0,LKFN
09-07-2004,0.0071879108410204395,1,LKFN
12-07-2004,-0.0031024780489099513,0,LKFN
13-07-2004,0.013383565735387792,1,LKFN
14-07-2004,-0.04023397075425883,0,LKFN
15-07-2004,0.004800180988713709,1,LKFN
16-07-2004,-0.004777249327314381,0,LKFN
19-07-2004,0.00031987241412889666,0,LKFN
20-07-2004,0.011836311199926008,1,LKFN
21-07-2004,-0.008220078504460937,0,LKFN
22-07-2004,0.002550581761907589,1,LKFN
23-07-2004,-0.009221261145149873,0,LKFN
26-07-2004,0.005135051669842516,1,LKFN
27-07-2004,-0.0009580295816626894,1,LKFN
28-07-2004,-0.0044740924266866156,0,LKFN
29-07-2004,0.00802556209721672,1,LKFN
30-07-2004,-0.003821382507949944,1,LKFN
02-08-2004,-0.001278959532168944,1,LKFN
03-08-2004,-0.007682466614643668,0,LKFN
04-08-2004,0.007096758390085611,1,LKFN
05-08-2004,-0.0006404992035695667,1,LKFN
06-08-2004,-0.0032056675329158457,1,LKFN
09-08-2004,-0.0032149946079975678,0,LKFN
10-08-2004,0.009676937076751102,0,LKFN
11-08-2004,0.0019171450350197183,1,LKFN
12-08-2004,-0.005101676581258818,1,LKFN
13-08-2004,-0.012179592355130553,0,LKFN
16-08-2004,0.022387694605536357,0,LKFN
17-08-2004,0.007616848379143892,1,LKFN
18-08-2004,-0.002204394934654408,0,LKFN
19-08-2004,0.0,0,LKFN
20-08-2004,0.009784616117902267,1,LKFN
23-08-2004,-0.015316777236184964,0,LKFN
24-08-2004,0.003174652874301076,0,LKFN
25-08-2004,0.01265745865586032,1,LKFN
26-08-2004,-0.009062095977917517,0,LKFN
27-08-2004,0.009144968560729883,1,LKFN
30-08-2004,-0.012499249916808952,0,LKFN
31-08-2004,0.01265745865586032,1,LKFN
01-09-2004,-0.007811911866588805,0,LKFN
02-09-2004,0.02110274315386751,0,LKFN
03-09-2004,0.0037011528091508428,0,LKFN
07-09-2004,0.01843866393366156,1,LKFN
08-09-2004,-0.013880634653915869,0,LKFN
09-09-2004,0.013158191689772503,0,LKFN
10-09-2004,0.0009059069403043463,0,LKFN
13-09-2004,0.0,1,LKFN
14-09-2004,-0.00965571006137289,0,LKFN
15-09-2004,0.02833617581566572,0,LKFN
16-09-2004,0.007407362389348693,1,LKFN
17-09-2004,-0.014117728753901715,0,LKFN
20-09-2004,0.005966551611654269,0,LKFN
21-09-2004,0.02135273045039665,0,LKFN
22-09-2004,0.0005805516894699103,1,LKFN
23-09-2004,-0.027278202854963296,1,LKFN
24-09-2004,-0.002087928519597382,1,LKFN
27-09-2004,-0.013154125789495708,0,LKFN
28-09-2004,0.02514358223564961,1,LKFN
29-09-2004,-0.00472766622952403,0,LKFN
30-09-2004,0.006531921543342367,0,LKFN
01-10-2004,0.007669067059874912,0,LKFN
04-10-2004,0.002634760557582716,0,LKFN
05-10-2004,0.0014600367732786612,0,LKFN
06-10-2004,0.012613828898695667,1,LKFN
07-10-2004,-0.006373224228241159,1,LKFN
08-10-2004,-0.0011661027837122084,0,LKFN
11-10-2004,0.004086219536056479,0,LKFN
12-10-2004,0.0008725864310383802,1,LKFN
13-10-2004,-0.004937868011095969,1,LKFN
14-10-2004,-0.0020432363704431244,0,LKFN
15-10-2004,0.02369128122564068,1,LKFN
18-10-2004,-0.0011430283727190682,1,LKFN
19-10-2004,-0.008294903432078615,0,LKFN
20-10-2004,0.00836428436314951,0,LKFN
21-10-2004,0.0011443363816712182,1,LKFN
22-10-2004,-0.007143261229043962,0,LKFN
25-10-2004,0.010072503854357207,1,LKFN
26-10-2004,-0.004843798077457717,0,LKFN
27-10-2004,0.030346649262430914,0,LKFN
28-10-2004,0.0002774898765909306,1,LKFN
29-10-2004,-0.00277708081510597,0,LKFN
01-11-2004,0.0005570957947422794,1,LKFN
02-11-2004,-0.00556827874878163,0,LKFN
03-11-2004,0.007278743023748646,0,LKFN
04-11-2004,0.007504255274391358,1,LKFN
05-11-2004,-0.004137818726280051,1,LKFN
08-11-2004,-0.007756493887422167,0,LKFN
09-11-2004,0.006421397740931756,0,LKFN
10-11-2004,0.0,0,LKFN
11-11-2004,0.018030219811620896,0,LKFN
12-11-2004,0.0032700679754344986,0,LKFN
15-11-2004,0.002172704056479846,0,LKFN
16-11-2004,0.01002679430449116,0,LKFN
17-11-2004,0.011001306107609521,0,LKFN
18-11-2004,0.02043468821735983,1,LKFN
19-11-2004,-0.016384765790023126,0,LKFN
22-11-2004,0.015071600337266622,0,LKFN
23-11-2004,0.014065981096447633,0,LKFN
24-11-2004,0.021063401336048004,0,LKFN
26-11-2004,0.0,0,LKFN
29-11-2004,0.006540797354655847,1,LKFN
30-11-2004,-0.003998732928740645,1,LKFN
01-12-2004,-0.019322482110546324,0,LKFN
02-12-2004,0.028403298109547004,1,LKFN
03-12-2004,-0.001990950929448565,1,LKFN
06-12-2004,-0.009473828318127042,1,LKFN
07-12-2004,-0.024666406182535128,0,LKFN
08-12-2004,0.020645234804944623,1,LKFN
09-12-2004,-0.010366875918270013,0,LKFN
10-12-2004,0.008942977712370848,0,LKFN
13-12-2004,0.007343259516680689,0,LKFN
14-12-2004,0.003016552440157083,0,LKFN
15-12-2004,0.005012575737333158,1,LKFN
16-12-2004,-0.013715804591671321,0,LKFN
17-12-2004,0.0020224011552942844,0,LKFN
20-12-2004,0.00555182826391265,1,LKFN
21-12-2004,-0.006022833543182893,0,LKFN
22-12-2004,0.002777315129178559,1,LKFN
23-12-2004,-0.004783258954018765,1,LKFN
27-12-2004,-0.0007595108100816317,0,LKFN
28-12-2004,0.010126894743609727,0,LKFN
29-12-2004,0.0,1,LKFN
30-12-2004,-0.0047621154458883375,1,LKFN
31-12-2004,-0.0002514402655698911,0,LKFN
03-01-2005,0.005037608623401857,0,LKFN
04-01-2005,0.008521411365483678,1,LKFN
05-01-2005,-0.01714727276411665,0,LKFN
06-01-2005,0.007880247004700136,1,LKFN
07-01-2005,-0.002522027754709777,1,LKFN
10-01-2005,-0.0010116672262798776,0,LKFN
11-01-2005,0.0068339766484686315,1,LKFN
12-01-2005,-0.0032679866157011572,1,LKFN
13-01-2005,-0.0022703472733635044,0,LKFN
14-01-2005,0.004550481663985417,1,LKFN
18-01-2005,-0.005032740989008411,0,LKFN
19-01-2005,0.011633734425477105,1,LKFN
20-01-2005,-0.018749918431485768,0,LKFN
21-01-2005,0.01477712033292633,1,LKFN
24-01-2005,-0.014561936839961653,0,LKFN
25-01-2005,0.014267420426028687,0,LKFN
26-01-2005,0.002512000249693669,1,LKFN
27-01-2005,-0.002756071112796521,0,LKFN
28-01-2005,0.008291064100651724,1,LKFN
31-01-2005,-0.003239270494352686,1,LKFN
01-02-2005,-0.016999903034585984,0,LKFN
02-02-2005,0.01576806874459269,1,LKFN
03-02-2005,-0.0062597212339781105,0,LKFN
04-02-2005,0.013605751274092137,0,LKFN
07-02-2005,0.001242512057814782,1,LKFN
08-02-2005,-0.0007446249262551552,1,LKFN
09-02-2005,-0.012422486079329498,1,LKFN
10-02-2005,-0.009559012911521614,0,LKFN
11-02-2005,0.014223379148672777,0,LKFN
14-02-2005,0.006260966226157461,1,LKFN
15-02-2005,-0.005226312663701438,1,LKFN
16-02-2005,-0.003753186662829755,1,LKFN
17-02-2005,-0.010547451396443863,1,LKFN
18-02-2005,-0.020050318244940968,1,LKFN
22-02-2005,-0.004144183666662249,0,LKFN
23-02-2005,0.0013004817505044564,0,LKFN
24-02-2005,0.004934627807924752,1,LKFN
25-02-2005,-0.0031009041664720183,0,LKFN
28-02-2005,0.00881531211929798,0,LKFN
01-03-2005,0.02775586345137948,1,LKFN
02-03-2005,-0.007751944675111089,0,LKFN
03-03-2005,0.006048160870249841,0,LKFN
04-03-2005,0.0,1,LKFN
07-03-2005,-0.0017530905773192051,1,LKFN
08-03-2005,-0.01179451574126833,1,LKFN
09-03-2005,-0.0045709515274484636,0,LKFN
10-03-2005,0.00025534018686945714,0,LKFN
11-03-2005,0.004590548795047056,1,LKFN
14-03-2005,-0.0015230081014611097,1,LKFN
15-03-2005,-0.0015255505864215646,0,LKFN
16-03-2005,0.0002542257617050847,0,LKFN
17-03-2005,0.012220384295169584,1,LKFN
18-03-2005,-0.016600005208491586,0,LKFN
21-03-2005,0.007672625240559228,1,LKFN
22-03-2005,-0.01776611170448894,1,LKFN
23-03-2005,-0.03410891982623465,0,LKFN
24-03-2005,0.0064206537550304255,1,LKFN
28-03-2005,-0.0005314403018452651,1,LKFN
29-03-2005,-0.003989413275814591,0,LKFN
30-03-2005,0.008811909452878242,0,LKFN
31-03-2005,0.01773412808440722,1,LKFN
01-04-2005,-0.019765639499277454,1,LKFN
04-04-2005,-0.008225570514595493,1,LKFN
05-04-2005,-0.0008025095823891437,1,LKFN
06-04-2005,-0.0032320224813846554,0,LKFN
07-04-2005,0.01918963400515783,1,LKFN
08-04-2005,-0.010872991182899527,1,LKFN
11-04-2005,-0.014745313396105297,1,LKFN
12-04-2005,-0.004898007567993412,0,LKFN
13-04-2005,0.016133355344892797,1,LKFN
14-04-2005,-0.04332615507778215,0,LKFN
15-04-2005,0.0157525654124544,0,LKFN
18-04-2005,0.006369001698139254,0,LKFN
19-04-2005,0.0209135870175694,1,LKFN
20-04-2005,-0.021293378584459566,0,LKFN
21-04-2005,0.0022030616841919315,1,LKFN
22-04-2005,-0.024457246964163848,0,LKFN
25-04-2005,0.026478730613334722,1,LKFN
26-04-2005,-0.018660460260720324,1,LKFN
27-04-2005,-0.00894910032075158,1,LKFN
28-04-2005,-0.009593772622791708,0,LKFN
29-04-2005,0.005698805303777865,0,LKFN
02-05-2005,0.0025495390951495445,0,LKFN
03-05-2005,0.008477033323664784,0,LKFN
04-05-2005,0.019052706691757404,0,LKFN
05-05-2005,0.009073580841215012,0,LKFN
06-05-2005,0.008174388831069246,1,LKFN
09-05-2005,-0.002162324904295243,1,LKFN
10-05-2005,-0.01245935330659309,0,LKFN
11-05-2005,0.0161820293964694,1,LKFN
12-05-2005,-0.028339978360792384,1,LKFN
13-05-2005,-0.016666851280211614,0,LKFN
16-05-2005,0.009887253287267361,0,LKFN
17-05-2005,0.008671247314504082,0,LKFN
18-05-2005,0.020521622704642528,0,LKFN
19-05-2005,0.005706382584551362,0,LKFN
20-05-2005,0.008645920103991456,1,LKFN
23-05-2005,-0.012590257149673434,0,LKFN
24-05-2005,0.0024419282997643066,1,LKFN
25-05-2005,-0.008119081721947197,0,LKFN
26-05-2005,0.0027283966057487508,0,LKFN
27-05-2005,0.002448770434422265,0,LKFN
31-05-2005,0.004343433638041683,0,LKFN
01-06-2005,0.010811045089324178,0,LKFN
02-06-2005,0.00935760088819304,0,LKFN
03-06-2005,0.0066226346536690794,1,LKFN
06-06-2005,-0.00394737064809525,1,LKFN
07-06-2005,-0.001056713141804777,1,LKFN
08-06-2005,-0.0002643443375878185,0,LKFN
09-06-2005,0.0052907802239023916,0,LKFN
10-06-2005,0.0,0,LKFN
13-06-2005,0.017105272808412675,0,LKFN
14-06-2005,0.013713302983332065,1,LKFN
15-06-2005,-0.004339561583131757,0,LKFN
16-06-2005,0.03435054176202734,1,LKFN
17-06-2005,-0.011648040513371094,1,LKFN
20-06-2005,-0.007021000641772024,0,LKFN
21-06-2005,0.0015146970768262769,0,LKFN
22-06-2005,0.00806908568777609,1,LKFN
23-06-2005,-0.009504796906608215,0,LKFN
24-06-2005,0.013888567063432333,1,LKFN
27-06-2005,-0.0037360988267769457,0,LKFN
28-06-2005,0.006250111214804344,0,LKFN
29-06-2005,0.009938213079651925,0,LKFN
30-06-2005,0.0007379442472363884,1,LKFN
01-07-2005,-0.004424822134904138,0,LKFN
05-07-2005,0.0024690307151402635,1,LKFN
06-07-2005,-0.0029725217579384955,0,LKFN
07-07-2005,0.0019878011758174274,0,LKFN
08-07-2005,0.022067905737266358,0,LKFN
11-07-2005,0.06259081415823764,0,LKFN
12-07-2005,0.0011418025294867018,1,LKFN
13-07-2005,-0.006385440487858052,1,LKFN
14-07-2005,-0.024787837428172366,1,LKFN
15-07-2005,-0.014591251109274617,1,LKFN
18-07-2005,-0.02197319581498236,0,LKFN
19-07-2005,0.03101345404839062,0,LKFN
20-07-2005,0.03860746685430683,1,LKFN
21-07-2005,-0.030787091053343763,0,LKFN
22-07-2005,0.010117757101600677,0,LKFN
25-07-2005,0.000698865736044052,0,LKFN
26-07-2005,0.01024204537221829,0,LKFN
27-07-2005,0.0016132564055031384,1,LKFN
28-07-2005,-0.006441062736119552,1,LKFN
29-07-2005,-0.005557266069117772,0,LKFN
01-08-2005,0.00535484642686801,0,LKFN
02-08-2005,0.0034741966401616864,1,LKFN
03-08-2005,-0.007385027740346217,1,LKFN
04-08-2005,-0.00023295140207502119,1,LKFN
05-08-2005,-0.03069755654378603,0,LKFN
08-08-2005,0.018953992169385092,1,LKFN
09-08-2005,-0.005180056141368294,1,LKFN
10-08-2005,-0.024378784304077583,1,LKFN
11-08-2005,-0.022319389464068418,1,LKFN
12-08-2005,-0.03473891567246501,0,LKFN
15-08-2005,0.01593783918297631,1,LKFN
16-08-2005,-0.015435364868114476,1,LKFN
17-08-2005,-0.00025640219291811484,0,LKFN
18-08-2005,0.001541876558467603,0,LKFN
19-08-2005,0.0010270282988154023,0,LKFN
22-08-2005,0.013076393292082988,0,LKFN
23-08-2005,0.0035433200442644974,0,LKFN
24-08-2005,0.001261848173696567,1,LKFN
25-08-2005,-0.0020157683127235426,0,LKFN
26-08-2005,0.054013551973912,0,LKFN
29-08-2005,0.011733628021693976,0,LKFN
30-08-2005,0.00165686446850688,0,LKFN
31-08-2005,0.027174013240445216,1,LKFN
01-09-2005,-0.0013805640009990627,1,LKFN
02-09-2005,-0.00944493175392025,0,LKFN
06-09-2005,0.011628371604599064,1,LKFN
07-09-2005,-0.006896882935879978,1,LKFN
08-09-2005,-0.00925921356837589,1,LKFN
09-09-2005,-0.0011680815102939057,0,LKFN
12-09-2005,0.013567226826643353,1,LKFN
13-09-2005,-0.012000891469493014,1,LKFN
14-09-2005,-0.00981104528121124,1,LKFN
15-09-2005,-0.01438991756312813,0,LKFN
16-09-2005,0.005265298187805634,1,LKFN
19-09-2005,-0.0019045700952244893,1,LKFN
20-09-2005,-0.012882159580483887,1,LKFN
21-09-2005,-0.030932596880219543,0,LKFN
22-09-2005,0.04114711135593496,0,LKFN
23-09-2005,0.004790652019667441,0,LKFN
26-09-2005,0.003575959954939867,0,LKFN
27-09-2005,0.004037874926540619,1,LKFN
28-09-2005,-0.012538362234303824,0,LKFN
29-09-2005,0.015332792036170106,1,LKFN
30-09-2005,-0.024304106609020604,0,LKFN
03-10-2005,0.0014511395218992362,0,LKFN
04-10-2005,0.006279022047412486,1,LKFN
05-10-2005,-0.057673263147986265,1,LKFN
06-10-2005,-0.012804388984238524,0,LKFN
07-10-2005,0.017120912041842296,1,LKFN
10-10-2005,-0.0005103970142639191,1,LKFN
11-10-2005,-0.004338101671289452,1,LKFN
12-10-2005,-0.00948224285294852,0,LKFN
13-10-2005,0.009573016520430633,0,LKFN
14-10-2005,0.0035878962316822083,1,LKFN
17-10-2005,-0.009448343178064311,1,LKFN
18-10-2005,-0.005929514558501103,0,LKFN
19-10-2005,0.009077130372842968,1,LKFN
20-10-2005,-0.014906376795327803,0,LKFN
21-10-2005,0.005217723157248555,0,LKFN
24-10-2005,0.028289751905925087,0,LKFN
25-10-2005,0.006310198507190945,0,LKFN
26-10-2005,0.0032603232758665612,1,LKFN
27-10-2005,-0.005500094339422668,0,LKFN
28-10-2005,0.02187050875003682,0,LKFN
31-10-2005,0.013284103051070417,1,LKFN
01-11-2005,-0.0021850429911094427,0,LKFN
02-11-2005,0.030900021622835006,0,LKFN
03-11-2005,0.005664274054676843,0,LKFN
04-11-2005,0.011969546609228887,1,LKFN
07-11-2005,-0.007189271530940955,0,LKFN
08-11-2005,0.006773953867586613,0,LKFN
09-11-2005,0.002552346215606738,0,LKFN
10-11-2005,0.018282517435307843,0,LKFN
11-11-2005,0.012500022886225759,0,LKFN
14-11-2005,0.012345701336967219,1,LKFN
15-11-2005,-0.013081777822151808,1,LKFN
16-11-2005,-0.010110397431515539,0,LKFN
17-11-2005,0.014525713722620681,0,LKFN
18-11-2005,0.0031320793696609783,1,LKFN
21-11-2005,-0.00133808808006608,0,LKFN
22-11-2005,0.002456779820375621,1,LKFN
23-11-2005,-0.0008913481799429634,1,LKFN
25-11-2005,-0.006689137423926295,1,LKFN
28-11-2005,-0.009652294501862002,1,LKFN
29-11-2005,-0.011785151648790126,1,LKFN
30-11-2005,-0.0034407952163784117,0,LKFN
01-12-2005,0.018181727695934846,0,LKFN
02-12-2005,0.00045207856947282465,1,LKFN
05-12-2005,-0.01513783650600109,1,LKFN
06-12-2005,-0.002753502574332267,1,LKFN
07-12-2005,-0.01656253511367467,1,LKFN
08-12-2005,-0.00959047310170702,0,LKFN
09-12-2005,0.0021251937604507276,0,LKFN
12-12-2005,0.028282320564277263,0,LKFN
13-12-2005,0.015814622901879183,1,LKFN
14-12-2005,-0.001579466741032154,1,LKFN
15-12-2005,-0.03118637344252806,0,LKFN
16-12-2005,0.006764473867441501,1,LKFN
19-12-2005,-0.009036175055924689,1,LKFN
20-12-2005,-0.013327021782286175,0,LKFN
21-12-2005,0.015402961812803984,0,LKFN
22-12-2005,0.017269506475978247,1,LKFN
23-12-2005,-0.013076219145655266,1,LKFN
27-12-2005,-0.01766655421178065,1,LKFN
28-12-2005,-0.013251074215506864,1,LKFN
29-12-2005,-0.027577723443301894,1,LKFN
30-12-2005,-0.004192919904460024,0,LKFN
03-01-2006,0.019563841182169694,1,LKFN
04-01-2006,-0.005585913845165158,1,LKFN
05-01-2006,-0.016854360228511167,0,LKFN
06-01-2006,0.015992554498166056,0,LKFN
09-01-2006,0.0,0,LKFN
10-01-2006,0.01303490368952298,1,LKFN
11-01-2006,-0.008011552306961045,1,LKFN
12-01-2006,-0.008810554506548995,0,LKFN
13-01-2006,0.0037038174343397845,0,LKFN
17-01-2006,0.02091029571704328,0,LKFN
18-01-2006,0.009156391173432032,0,LKFN
19-01-2006,0.015759414281326878,1,LKFN
20-01-2006,-0.012928974725952114,0,LKFN
23-01-2006,0.021671874182691342,0,LKFN
24-01-2006,0.01911382713741916,1,LKFN
25-01-2006,-0.003659367024966609,0,LKFN
26-01-2006,0.021349510331088783,0,LKFN
27-01-2006,0.0,1,LKFN
30-01-2006,-0.0051697602663206554,1,LKFN
31-01-2006,-0.0022594148476539067,1,LKFN
01-02-2006,-0.0031701147921985307,1,LKFN
02-02-2006,-0.00022725949375812515,0,LKFN
03-02-2006,0.005226336482769156,1,LKFN
06-02-2006,-0.005424912056847586,0,LKFN
07-02-2006,0.00477270144693942,1,LKFN
08-02-2006,-0.00497621837726947,0,LKFN
09-02-2006,0.0002273185969803304,0,LKFN
10-02-2006,0.005681673374490437,1,LKFN
13-02-2006,-0.018304906669603604,0,LKFN
14-02-2006,0.016344451128861293,0,LKFN
15-02-2006,0.011551615217087585,1,LKFN
16-02-2006,-0.00313499893898439,0,LKFN
17-02-2006,0.0008983550169865406,1,LKFN
21-02-2006,-0.02131950160361029,0,LKFN
22-02-2006,0.00320999791677834,0,LKFN
23-02-2006,0.004343229719782737,0,LKFN
24-02-2006,0.005234372916233632,1,LKFN
27-02-2006,-0.001811233349981678,1,LKFN
28-02-2006,-0.006577574764204397,0,LKFN
01-03-2006,0.023972573403288955,0,LKFN
02-03-2006,0.0006692553941560764,1,LKFN
03-03-2006,-0.006016076373340895,1,LKFN
06-03-2006,-0.023761730441326456,0,LKFN
07-03-2006,0.02020692094593013,1,LKFN
08-03-2006,-0.008778007462900361,0,LKFN
09-03-2006,0.004541306157034963,0,LKFN
10-03-2006,0.00045178218590735675,0,LKFN
13-03-2006,0.001581714217787633,0,LKFN
14-03-2006,0.009474347101597003,0,LKFN
15-03-2006,0.004246079686721194,0,LKFN
16-03-2006,0.0,1,LKFN
17-03-2006,-0.0013349856098099355,0,LKFN
20-03-2006,0.0022278250530327615,1,LKFN
21-03-2006,-0.018896903198886372,0,LKFN
22-03-2006,0.01110336786587185,1,LKFN
23-03-2006,-0.009412768205693589,0,LKFN
24-03-2006,0.016515510312930193,0,LKFN
27-03-2006,0.0006676884664698068,1,LKFN
28-03-2006,-0.00022241431868130768,0,LKFN
29-03-2006,0.016462883762947023,0,LKFN
30-03-2006,0.0015323018399338029,0,LKFN
31-03-2006,0.021634521928592276,1,LKFN
03-04-2006,-0.0012836602361013805,1,LKFN
04-04-2006,-0.005354239961398388,0,LKFN
05-04-2006,0.005813895960266047,0,LKFN
06-04-2006,0.0002138107097411357,1,LKFN
07-04-2006,-0.020547518137766674,0,LKFN
10-04-2006,0.0,1,LKFN
11-04-2006,-0.006993380656038051,0,LKFN
12-04-2006,0.045775069953166714,0,LKFN
13-04-2006,0.0048400319622909915,1,LKFN
17-04-2006,-0.00628273822924641,1,LKFN
18-04-2006,-0.0029509317637677057,0,LKFN
19-04-2006,0.011475008407431986,1,LKFN
20-04-2006,-0.013655726386484934,1,LKFN
21-04-2006,-0.0055379683945572244,1,LKFN
24-04-2006,-0.02912785904052284,1,LKFN
25-04-2006,-0.0028679873790793398,1,LKFN
26-04-2006,-0.0066374614528008635,1,LKFN
27-04-2006,-0.008685710806055846,0,LKFN
28-04-2006,0.019545931568371477,0,LKFN
01-05-2006,0.03481752681445127,0,LKFN
02-05-2006,0.011499083214871142,1,LKFN
03-05-2006,-0.025263212909310995,0,LKFN
04-05-2006,0.020734115860346236,0,LKFN
05-05-2006,0.0016927380146083415,1,LKFN
08-05-2006,-0.004647185255998387,1,LKFN
09-05-2006,-0.007215399925350363,1,LKFN
10-05-2006,-0.01667391872991897,1,LKFN
11-05-2006,-0.053043450436535466,1,LKFN
12-05-2006,-0.026170570558081807,0,LKFN
15-05-2006,0.0183873935013128,1,LKFN
16-05-2006,-0.006481722451272098,1,LKFN
17-05-2006,-0.023299056059210344,0,LKFN
18-05-2006,0.002862502162007008,1,LKFN
19-05-2006,-0.002378825816843788,0,LKFN
22-05-2006,0.002861437741981776,0,LKFN
23-05-2006,0.02995737537941623,0,LKFN
24-05-2006,0.028162445174913175,0,LKFN
25-05-2006,0.032779473587037256,0,LKFN
26-05-2006,0.0,1,LKFN
30-05-2006,-0.044348112178186794,0,LKFN
31-05-2006,0.03457723371637078,0,LKFN
01-06-2006,0.03869820299574789,1,LKFN
02-06-2006,-0.008467095565096616,1,LKFN
05-06-2006,-0.0580701188163929,1,LKFN
06-06-2006,-0.02039905234477757,0,LKFN
07-06-2006,0.001850869911769415,0,LKFN
08-06-2006,0.04249436423964892,0,LKFN
09-06-2006,0.010190387538135282,1,LKFN
12-06-2006,-0.004385669262417569,1,LKFN
13-06-2006,-0.022467194199935703,1,LKFN
14-06-2006,-0.027038988956475718,0,LKFN
15-06-2006,0.07735043946917197,1,LKFN
16-06-2006,-0.03697337246876353,1,LKFN
19-06-2006,-0.03571412190693124,0,LKFN
20-06-2006,0.014351463253235996,0,LKFN
21-06-2006,0.005933730172173135,1,LKFN
22-06-2006,-0.013611455625111568,1,LKFN
23-06-2006,-0.007819832147515138,0,LKFN
26-06-2006,0.07000456576662639,1,LKFN
27-06-2006,-0.012997933427062569,0,LKFN
28-06-2006,0.0,0,LKFN
29-06-2006,0.038191010739544895,0,LKFN
30-06-2006,0.0270611670944505,1,LKFN
03-07-2006,-0.026348155262267747,1,LKFN
05-07-2006,-0.00422804415854805,0,LKFN
06-07-2006,0.004245996418904108,1,LKFN
07-07-2006,-0.0215644437178526,0,LKFN
10-07-2006,0.025929095961549242,0,LKFN
11-07-2006,0.016427654596373742,1,LKFN
12-07-2006,-0.03812642119375542,1,LKFN
13-07-2006,-0.0370532877526355,1,LKFN
14-07-2006,-0.010738000792349878,1,LKFN
17-07-2006,-0.002713710382540757,0,LKFN
18-07-2006,0.04761934647324595,0,LKFN
19-07-2006,0.02770528970409547,1,LKFN
20-07-2006,-0.01727058758276001,1,LKFN
21-07-2006,-0.027795974539731594,0,LKFN
24-07-2006,0.055851114476425545,0,LKFN
25-07-2006,0.026448560540542232,1,LKFN
26-07-2006,-0.014724058040537336,1,LKFN
27-07-2006,-0.03902041556952085,0,LKFN
28-07-2006,0.0518359973089384,1,LKFN
31-07-2006,-0.0020536397548615026,1,LKFN
01-08-2006,-0.022633606585445776,0,LKFN
02-08-2006,0.03663166450257571,0,LKFN
03-08-2006,0.0073114494143318165,1,LKFN
04-08-2006,-0.007258380135143794,1,LKFN
07-08-2006,-0.0028429555488542757,1,LKFN
08-08-2006,-0.04276999238346546,0,LKFN
09-08-2006,0.0,1,LKFN
10-08-2006,-0.004255041585761288,0,LKFN
11-08-2006,0.006837408479766216,1,LKFN
14-08-2006,-0.0042447360820094815,0,LKFN
15-08-2006,0.027280853984914977,1,LKFN
16-08-2006,-0.015352999394339761,1,LKFN
17-08-2006,-0.000842373431304666,1,LKFN
18-08-2006,-0.0016873986661423146,1,LKFN
21-08-2006,-0.010561864773768859,1,LKFN
22-08-2006,-0.005550707395956644,1,LKFN
23-08-2006,-0.006011505082656132,1,LKFN
24-08-2006,-0.00604750148912836,0,LKFN
25-08-2006,0.036071366357294465,0,LKFN
28-08-2006,0.01384215928377075,0,LKFN
29-08-2006,0.0136532562155387,0,LKFN
30-08-2006,0.005714442339649128,0,LKFN
31-08-2006,0.0004059277641557113,0,LKFN
01-09-2006,0.004056530678512749,0,LKFN
05-09-2006,0.007677086615188511,1,LKFN
06-09-2006,-0.03368066025563532,1,LKFN
07-09-2006,-0.019087515099321273,1,LKFN
08-09-2006,-0.001691778540304667,0,LKFN
11-09-2006,0.000847455305569289,0,LKFN
12-09-2006,0.03979676175351887,1,LKFN
13-09-2006,-0.008550635194410017,1,LKFN
14-09-2006,-0.010266657131319246,0,LKFN
15-09-2006,0.005394002396853725,1,LKFN
18-09-2006,-0.014857660955339802,1,LKFN
19-09-2006,-0.008378696094907268,0,LKFN
20-09-2006,0.025348299242409222,0,LKFN
21-09-2006,0.0008244043626921549,1,LKFN
22-09-2006,-0.025113146317186086,0,LKFN
25-09-2006,0.0004220318968746195,0,LKFN
26-09-2006,0.000422117959917534,0,LKFN
27-09-2006,0.010548408292407219,0,LKFN
28-09-2006,0.0016699679111547017,1,LKFN
29-09-2006,-0.020007769990883384,0,LKFN
02-10-2006,0.00042526100016893054,0,LKFN
03-10-2006,0.0012754180288105932,0,LKFN
04-10-2006,0.033121108228604035,0,LKFN
05-10-2006,0.007398253443025249,1,LKFN
06-10-2006,-0.001632152675962062,0,LKFN
09-10-2006,0.008990492521559146,1,LKFN
10-10-2006,-0.003645107089485844,1,LKFN
11-10-2006,-0.006910721082967974,0,LKFN
12-10-2006,0.020876263731929745,1,LKFN
13-10-2006,-0.000802006093941876,0,LKFN
16-10-2006,0.0008026498239919189,0,LKFN
17-10-2006,0.0,0,LKFN
18-10-2006,0.005613122829938089,1,LKFN
19-10-2006,-0.0011962526176859667,0,LKFN
20-10-2006,0.003193938609842517,0,LKFN
23-10-2006,0.006198492165804925,1,LKFN
24-10-2006,-0.011526194317862393,0,LKFN
25-10-2006,0.008443606976733076,0,LKFN
26-10-2006,0.017544180449415858,1,LKFN
27-10-2006,-0.00862072260126645,0,LKFN
30-10-2006,0.02569171662487868,1,LKFN
31-10-2006,-0.0011558339024939634,1,LKFN
01-11-2006,-0.03356501579602211,0,LKFN
02-11-2006,0.012375379497693295,1,LKFN
03-11-2006,-0.03075712921895757,0,LKFN
06-11-2006,0.05085445761430596,1,LKFN
07-11-2006,-0.03019763433935596,0,LKFN
08-11-2006,0.043912094462773554,1,LKFN
09-11-2006,-0.022944639886440132,0,LKFN
10-11-2006,0.006653484395040543,0,LKFN
13-11-2006,0.0011668963534146037,0,LKFN
14-11-2006,0.0,0,LKFN
15-11-2006,0.001941271089735741,1,LKFN
16-11-2006,-0.0019375098578625627,0,LKFN
17-11-2006,0.0,1,LKFN
20-11-2006,-0.0038836704037753522,0,LKFN
21-11-2006,0.003898812104957239,1,LKFN
22-11-2006,-0.010097285169975101,1,LKFN
24-11-2006,-0.0015687603878477008,1,LKFN
27-11-2006,-0.05658196618253575,0,LKFN
28-11-2006,0.010828776076833968,0,LKFN
29-11-2006,0.02760611877833763,1,LKFN
30-11-2006,-0.0012027251230182223,1,LKFN
01-12-2006,-0.021276840342266845,0,LKFN
04-12-2006,0.04388903055969884,1,LKFN
05-12-2006,-0.011395419262749007,0,LKFN
06-12-2006,0.007154488201094766,0,LKFN
07-12-2006,0.0003945525219182233,1,LKFN
08-12-2006,-0.006311742189827885,1,LKFN
11-12-2006,-0.012306764593338237,1,LKFN
12-12-2006,-0.013263219368949253,0,LKFN
13-12-2006,0.009368500436410576,0,LKFN
14-12-2006,0.012510303408208134,0,LKFN
15-12-2006,0.004383984289578757,1,LKFN
18-12-2006,-0.011904889345490055,0,LKFN
19-12-2006,0.005622761997966075,1,LKFN
20-12-2006,-0.007588052838166992,0,LKFN
21-12-2006,0.0160963907899756,1,LKFN
22-12-2006,-0.007524371860907264,0,LKFN
26-12-2006,0.02633630801308695,0,LKFN
27-12-2006,0.021384386211953377,1,LKFN
28-12-2006,-0.011419914776802598,1,LKFN
29-12-2006,-0.016942452728724855,0,LKFN
03-01-2007,0.00861742646690078,0,LKFN
04-01-2007,0.0027183758727620244,1,LKFN
05-01-2007,-0.05112342971073924,0,LKFN
08-01-2007,0.04489830731419797,1,LKFN
09-01-2007,-0.007813014855395872,1,LKFN
10-01-2007,-0.029527110198853346,0,LKFN
11-01-2007,0.040567849034468084,1,LKFN
12-01-2007,-0.009746949360747714,1,LKFN
16-01-2007,-0.014960120370493546,1,LKFN
17-01-2007,-0.015187905145302993,1,LKFN
18-01-2007,-0.0024350739584021452,1,LKFN
19-01-2007,-0.0008134194024209673,0,LKFN
22-01-2007,0.007735507214233106,0,LKFN
23-01-2007,0.0006090395419591221,0,LKFN
24-01-2007,0.002840985265924134,1,LKFN
25-01-2007,-0.026709569444554826,0,LKFN
26-01-2007,0.017879412774935988,0,LKFN
29-01-2007,0.004492968519448359,1,LKFN
30-01-2007,-0.002439458335127931,0,LKFN
31-01-2007,0.008153376741135476,0,LKFN
01-02-2007,0.0012126563418752845,1,LKFN
02-02-2007,-0.015347435309240876,1,LKFN
05-02-2007,-0.00779307115074046,0,LKFN
06-02-2007,0.006201111324773745,0,LKFN
07-02-2007,0.0024650220914672616,1,LKFN
08-02-2007,-0.004098493476181075,1,LKFN
09-02-2007,-0.004938075451386581,0,LKFN
12-02-2007,0.009925418261758523,0,LKFN
13-02-2007,0.007780557601837046,1,LKFN
14-02-2007,-0.011784176347198971,1,LKFN
15-02-2007,-0.006989749516289168,1,LKFN
16-02-2007,-0.0008285945482205959,0,LKFN
20-02-2007,0.005802404899778235,0,LKFN
21-02-2007,0.01606902640969987,0,LKFN
22-02-2007,0.007299105679546614,1,LKFN
23-02-2007,-0.026569703590915705,1,LKFN
26-02-2007,-0.003722085214755033,1,LKFN
27-02-2007,-0.05936052513508283,0,LKFN
28-02-2007,0.022065111074969446,1,LKFN
01-03-2007,-0.007340193796877781,1,LKFN
02-03-2007,-0.023488566805599853,0,LKFN
05-03-2007,0.0013363645476676123,0,LKFN
06-03-2007,0.012010954016514308,1,LKFN
07-03-2007,-0.019341061130135784,0,LKFN
08-03-2007,0.003137597204295739,0,LKFN
09-03-2007,0.011170589388470598,0,LKFN
12-03-2007,0.00486054279330439,1,LKFN
13-03-2007,-0.030342696126788082,0,LKFN
14-03-2007,0.01224490254537769,1,LKFN
15-03-2007,-0.0031360990971421865,1,LKFN
16-03-2007,-0.006741327392594254,0,LKFN
19-03-2007,0.003166943385340071,0,LKFN
20-03-2007,0.010374271122195022,0,LKFN
21-03-2007,0.019642909977031664,0,LKFN
22-03-2007,0.0013138172918927271,1,LKFN
23-03-2007,-0.006558751931374451,0,LKFN
26-03-2007,0.01012285738380192,1,LKFN
27-03-2007,-0.021350434192217715,1,LKFN
28-03-2007,-0.0017809646919658695,0,LKFN
29-03-2007,0.010704945206740701,0,LKFN
30-03-2007,0.0017646986468184966,1,LKFN
02-04-2007,-0.002202533186024813,0,LKFN
03-04-2007,0.03090526258985893,0,LKFN
04-04-2007,0.0025693579876633343,1,LKFN
05-04-2007,-0.005980333550352102,1,LKFN
09-04-2007,-0.0343789067040261,0,LKFN
10-04-2007,0.0053406088788463535,1,LKFN
11-04-2007,-0.008411219138718007,0,LKFN
12-04-2007,0.008482567875981895,0,LKFN
13-04-2007,0.0008852664194023419,0,LKFN
16-04-2007,0.048208546688552234,1,LKFN
17-04-2007,-0.018143458665847656,1,LKFN
18-04-2007,-0.0012890071504051415,1,LKFN
19-04-2007,-0.01721199463902523,0,LKFN
20-04-2007,0.03327517547921932,1,LKFN
23-04-2007,-0.030264139223701303,1,LKFN
24-04-2007,-0.004835632170427706,0,LKFN
25-04-2007,0.00044166484075014445,1,LKFN
26-04-2007,-0.01103765261269618,1,LKFN
27-04-2007,-0.014285621351778688,1,LKFN
30-04-2007,-0.01947465439415752,0,LKFN
01-05-2007,0.009699841476984883,0,LKFN
02-05-2007,0.031107189915337008,1,LKFN
03-05-2007,-0.021295512119674176,0,LKFN
04-05-2007,0.011786039849301932,1,LKFN
07-05-2007,-0.005376514644726549,1,LKFN
08-05-2007,-0.0018016743701003701,0,LKFN
09-05-2007,0.012635687841485721,1,LKFN
10-05-2007,-0.03520541277276357,0,LKFN
11-05-2007,0.011547285874008661,1,LKFN
14-05-2007,-0.00913196220509871,1,LKFN
15-05-2007,-0.005530128084841102,1,LKFN
16-05-2007,-0.0023171761873719277,1,LKFN
17-05-2007,-0.019507618474383537,1,LKFN
18-05-2007,-0.005210528976658413,0,LKFN
21-05-2007,0.003332901026365853,0,LKFN
22-05-2007,0.002373361696133891,1,LKFN
23-05-2007,-0.0004736456155128854,0,LKFN
24-05-2007,0.0037896965831576424,0,LKFN
25-05-2007,0.014629474999222625,0,LKFN
29-05-2007,0.015348992476856171,0,LKFN
30-05-2007,0.0045807153407237955,0,LKFN
31-05-2007,0.0031922165657218837,0,LKFN
01-06-2007,0.016363687419192363,1,LKFN
04-06-2007,-0.008944734466705517,1,LKFN
05-06-2007,-0.01353796573659416,1,LKFN
06-06-2007,-0.006404501534417739,1,LKFN
07-06-2007,-0.010128858975168353,0,LKFN
08-06-2007,0.029767531815301895,0,LKFN
11-06-2007,0.0,1,LKFN
12-06-2007,-0.03613363848025253,0,LKFN
13-06-2007,0.017338353088721892,1,LKFN
14-06-2007,-0.009673126762289042,0,LKFN
15-06-2007,0.01162784814645823,0,LKFN
18-06-2007,0.03218418115700472,0,LKFN
19-06-2007,0.023607988578968175,1,LKFN
20-06-2007,-0.04264570206267071,1,LKFN
21-06-2007,-0.01045445627694186,1,LKFN
22-06-2007,-0.002297141027640004,1,LKFN
25-06-2007,-0.022099208408566273,0,LKFN
26-06-2007,0.012240862811776054,0,LKFN
27-06-2007,0.03953533282911126,1,LKFN
28-06-2007,-0.02416119092408009,1,LKFN
29-06-2007,-0.024759219493521445,0,LKFN
02-07-2007,0.010343049791860404,1,LKFN
03-07-2007,-0.008841362697767918,1,LKFN
05-07-2007,-0.0037559876108296253,0,LKFN
06-07-2007,0.017907913984135604,1,LKFN
09-07-2007,-0.016666812361676997,1,LKFN
10-07-2007,-0.024481725623551442,1,LKFN
11-07-2007,-0.005309492225449852,0,LKFN
12-07-2007,0.02765651367639288,1,LKFN
13-07-2007,-0.052407907030739276,0,LKFN
16-07-2007,0.07075257526591217,0,LKFN
17-07-2007,0.035365259781345415,0,LKFN
18-07-2007,0.03595499627385701,0,LKFN
19-07-2007,0.005639869657928731,1,LKFN
20-07-2007,-0.032355400556184355,0,LKFN
23-07-2007,0.05428418514931965,1,LKFN
24-07-2007,-0.012765835570011097,1,LKFN
25-07-2007,-0.010776153471372396,1,LKFN
26-07-2007,-0.017429030485517583,1,LKFN
27-07-2007,-0.010642950142206176,0,LKFN
30-07-2007,0.026445276878175328,1,LKFN
31-07-2007,-0.009170139759128837,0,LKFN
01-08-2007,0.03922439496813701,0,LKFN
02-08-2007,0.025021128955262206,1,LKFN
03-08-2007,-0.061647002950612095,0,LKFN
06-08-2007,0.06481536354847028,1,LKFN
07-08-2007,-0.010766498843219341,1,LKFN
08-08-2007,-0.009208635501201212,1,LKFN
09-08-2007,-0.02915071199525332,0,LKFN
10-08-2007,0.03263689658587943,1,LKFN
13-08-2007,-0.011378041754611323,1,LKFN
14-08-2007,-0.025148859216204467,1,LKFN
15-08-2007,-0.00655870249649515,0,LKFN
16-08-2007,0.05853854455559859,0,LKFN
17-08-2007,0.03575871205812153,1,LKFN
20-08-2007,-0.016860718367935124,0,LKFN
21-08-2007,0.013066617052470475,0,LKFN
22-08-2007,0.023780498381687165,1,LKFN
23-08-2007,-0.06535417162846535,0,LKFN
24-08-2007,0.02021917429257658,1,LKFN
27-08-2007,-0.0008258569434216323,1,LKFN
28-08-2007,-0.033470595478465315,0,LKFN
29-08-2007,0.029499045953792713,1,LKFN
30-08-2007,-0.025747455191905022,1,LKFN
31-08-2007,-0.007246022125466656,0,LKFN
04-09-2007,0.030484724316082845,1,LKFN
05-09-2007,-0.029999739102405165,0,LKFN
06-09-2007,0.009879569583478354,1,LKFN
07-09-2007,-0.008081322646841249,1,LKFN
10-09-2007,-0.024871795365164373,0,LKFN
11-09-2007,0.05145140079671373,1,LKFN
12-09-2007,-0.015474780441262825,1,LKFN
13-09-2007,-0.007646383258379408,0,LKFN
14-09-2007,0.001712521928208588,1,LKFN
17-09-2007,-0.026495746759014116,0,LKFN
18-09-2007,0.08955193946771023,0,LKFN
19-09-2007,0.0237712477482952,1,LKFN
20-09-2007,-0.041322119683541714,0,LKFN
21-09-2007,0.002873258865996542,1,LKFN
24-09-2007,-0.02087595002061282,1,LKFN
25-09-2007,-0.007525080475122237,0,LKFN
26-09-2007,0.01727061809281194,0,LKFN
27-09-2007,0.014492571249236974,1,LKFN
28-09-2007,-0.05673472986131867,0,LKFN
01-10-2007,0.051925523813205476,0,LKFN
02-10-2007,0.02262459915050341,1,LKFN
03-10-2007,-0.03781182709333197,0,LKFN
04-10-2007,0.013377987163544436,0,LKFN
05-10-2007,0.023927315887268152,1,LKFN
08-10-2007,-0.0048345347766924895,1,LKFN
09-10-2007,-0.010121730453653388,0,LKFN
10-10-2007,0.006134702692025096,1,LKFN
11-10-2007,-0.019105739084149476,0,LKFN
12-10-2007,0.011603943129487648,1,LKFN
15-10-2007,-0.09995855646139029,1,LKFN
16-10-2007,-0.026400100930422,1,LKFN
17-10-2007,-0.028518028441937515,0,LKFN
18-10-2007,0.018287115217512584,1,LKFN
19-10-2007,-0.030245880433780847,1,LKFN
22-10-2007,-0.00389837991755404,1,LKFN
23-10-2007,-0.0019709378469060512,0,LKFN
24-10-2007,0.0014807226606456947,1,LKFN
25-10-2007,-0.02907838852442468,0,LKFN
26-10-2007,0.06142134411964384,1,LKFN
29-10-2007,-0.004304080632683394,1,LKFN
30-10-2007,-0.024015764425589725,0,LKFN
31-10-2007,0.02903576637169558,1,LKFN
01-11-2007,-0.03634628019128994,0,LKFN
02-11-2007,0.005955425486913191,1,LKFN
05-11-2007,-0.024173437888797777,0,LKFN
06-11-2007,0.03235574804522012,1,LKFN
07-11-2007,-0.011263421719293287,0,LKFN
08-11-2007,0.024269319416649227,0,LKFN
09-11-2007,0.03433270151863743,1,LKFN
12-11-2007,-0.020570228756860875,0,LKFN
13-11-2007,0.02529801515318697,1,LKFN
14-11-2007,-0.03631283809857211,1,LKFN
15-11-2007,-0.019323738153175674,1,LKFN
16-11-2007,-0.017241128129210304,1,LKFN
19-11-2007,-0.0005013791480289465,0,LKFN
20-11-2007,0.0005016306551794969,1,LKFN
21-11-2007,-0.004010017835613833,0,LKFN
23-11-2007,0.0030196730870781785,1,LKFN
26-11-2007,-0.0336178789610001,0,LKFN
27-11-2007,0.0155767718713411,0,LKFN
28-11-2007,0.028629383315747603,1,LKFN
29-11-2007,-0.03578543198026507,1,LKFN
30-11-2007,-0.023711148925026904,1,LKFN
03-12-2007,-0.024287449920964432,0,LKFN
04-12-2007,0.009199258105252683,0,LKFN
05-12-2007,0.021984559011444915,0,LKFN
06-12-2007,0.023084731907209166,0,LKFN
07-12-2007,0.01538463775833021,0,LKFN
10-12-2007,0.008080485461366749,1,LKFN
11-12-2007,-0.0075151954546529565,0,LKFN
12-12-2007,0.023220919707689136,0,LKFN
13-12-2007,0.004932940667405239,1,LKFN
14-12-2007,-0.03141851278811536,1,LKFN
17-12-2007,-0.02280748602983751,0,LKFN
18-12-2007,0.04408697012515028,0,LKFN
19-12-2007,0.013909562135931974,0,LKFN
20-12-2007,0.01077896074057727,0,LKFN
21-12-2007,0.042171791283900806,0,LKFN
24-12-2007,0.019069565734344263,0,LKFN
26-12-2007,0.045641365484644814,1,LKFN
27-12-2007,-0.08118732656564498,1,LKFN
28-12-2007,-0.009026473273307745,0,LKFN
31-12-2007,0.0019180283693798206,1,LKFN
02-01-2008,-0.04067019150447082,1,LKFN
03-01-2008,-0.027431050840662996,1,LKFN
04-01-2008,-0.041025562184931696,0,LKFN
07-01-2008,0.06042749682860471,1,LKFN
08-01-2008,-0.050428455036736985,0,LKFN
09-01-2008,0.029739720165345762,0,LKFN
10-01-2008,0.04074244471800936,1,LKFN
11-01-2008,-0.08225927584759385,0,LKFN
14-01-2008,0.05021557758605599,1,LKFN
15-01-2008,-0.004627163417602276,0,LKFN
16-01-2008,0.038222810935630847,1,LKFN
17-01-2008,-0.054725935469151166,1,LKFN
18-01-2008,-0.023684404952193816,0,LKFN
22-01-2008,0.04366582959212306,0,LKFN
23-01-2008,0.05254926333223975,1,LKFN
24-01-2008,-0.0449827670667271,0,LKFN
25-01-2008,0.03157341976769734,0,LKFN
28-01-2008,0.05920746673393462,1,LKFN
29-01-2008,-0.028896657155747407,0,LKFN
30-01-2008,0.0,0,LKFN
31-01-2008,0.08048818195052232,1,LKFN
01-02-2008,-0.018961702544901704,1,LKFN
04-02-2008,-0.00046021943018137446,1,LKFN
05-02-2008,-0.03775333213218113,1,LKFN
06-02-2008,-0.007655553586277231,0,LKFN
07-02-2008,0.00048228452770326946,1,LKFN
08-02-2008,-0.015421788752273957,1,LKFN
11-02-2008,-0.03524223220982625,0,LKFN
12-02-2008,0.032978428716818664,0,LKFN
13-02-2008,0.04322198510655495,1,LKFN
14-02-2008,-0.035310654093479776,0,LKFN
15-02-2008,0.0014638191793188149,0,LKFN
19-02-2008,0.01023410882873077,0,LKFN
20-02-2008,0.008682687707281422,1,LKFN
21-02-2008,-0.019607809193909254,0,LKFN
22-02-2008,0.001463596279718704,0,LKFN
25-02-2008,0.03068707691692829,0,LKFN
26-02-2008,0.0,1,LKFN
27-02-2008,-0.0014183248636794321,1,LKFN
28-02-2008,-0.021296334717380683,1,LKFN
29-02-2008,-0.013539740051616289,1,LKFN
03-03-2008,-0.01911755152600836,0,LKFN
04-03-2008,0.008495430539129822,0,LKFN
05-03-2008,0.021308645461891595,1,LKFN
06-03-2008,-0.03784570483175931,0,LKFN
07-03-2008,0.01361528866533468,1,LKFN
10-03-2008,-0.006467731028590551,0,LKFN
11-03-2008,0.06359590889211852,1,LKFN
12-03-2008,-0.020245211797365714,0,LKFN
13-03-2008,0.021624487762245792,1,LKFN
14-03-2008,-0.009407304977479436,1,LKFN
17-03-2008,-0.010446077901041018,0,LKFN
18-03-2008,0.03502855214044076,1,LKFN
19-03-2008,-0.006490398420608057,0,LKFN
20-03-2008,0.06766195578581602,0,LKFN
24-03-2008,0.018793896099318808,1,LKFN
25-03-2008,-0.006434939816619356,0,LKFN
26-03-2008,0.03065604243395037,1,LKFN
27-03-2008,-0.015500498910013705,1,LKFN
28-03-2008,-0.012340526654074258,1,LKFN
31-03-2008,-0.02412742966208481,0,LKFN
01-04-2008,0.030904966134864376,1,LKFN
02-04-2008,-0.005995713656400947,0,LKFN
03-04-2008,0.0,0,LKFN
04-04-2008,0.001292619781336768,1,LKFN
07-04-2008,-0.002151498590069245,0,LKFN
08-04-2008,0.0025873823637247995,1,LKFN
09-04-2008,-0.004301059830201237,0,LKFN
10-04-2008,0.0030234084171758546,1,LKFN
11-04-2008,-0.01119693015643397,1,LKFN
14-04-2008,-0.013501720187504063,0,LKFN
15-04-2008,0.014569741510543466,0,LKFN
16-04-2008,0.0313311761615247,1,LKFN
17-04-2008,-0.015189295785212331,0,LKFN
18-04-2008,0.02570658006563309,1,LKFN
21-04-2008,-0.011695981591116289,1,LKFN
22-04-2008,-0.027472727349995063,1,LKFN
23-04-2008,-0.03434700308620153,0,LKFN
24-04-2008,0.06479365276175719,0,LKFN
25-04-2008,0.0042553701470804395,0,LKFN
28-04-2008,0.008898284320052463,1,LKFN
29-04-2008,-0.010499538016300547,1,LKFN
30-04-2008,-0.011460108776672806,0,LKFN
01-05-2008,0.02790874306882629,1,LKFN
02-05-2008,-0.02631589486491004,0,LKFN
05-05-2008,0.013299216256094315,0,LKFN
06-05-2008,0.025402248568376473,1,LKFN
07-05-2008,-0.040875173187306046,0,LKFN
08-05-2008,0.0025828110903869383,1,LKFN
09-05-2008,-0.001717581180517791,0,LKFN
12-05-2008,0.032257715330144654,0,LKFN
13-05-2008,0.004167050200516886,1,LKFN
14-05-2008,-0.002074920415799819,0,LKFN
15-05-2008,0.012474079123703241,1,LKFN
16-05-2008,-0.02012315635827444,1,LKFN
19-05-2008,-0.005448304769539392,0,LKFN
20-05-2008,0.002528390522617885,0,LKFN
21-05-2008,0.0012609229825253365,0,LKFN
22-05-2008,0.026448384159413196,1,LKFN
23-05-2008,-0.009816067597835376,0,LKFN
27-05-2008,0.018174361299708952,1,LKFN
28-05-2008,-0.0064905446331804395,0,LKFN
29-05-2008,0.00653294701738294,1,LKFN
30-05-2008,-0.0292087878695797,0,LKFN
02-06-2008,0.005850466089941886,0,LKFN
03-06-2008,0.005816105284891071,0,LKFN
04-06-2008,0.0037173929885101487,0,LKFN
05-06-2008,0.028806850239296855,1,LKFN
06-06-2008,-0.05560005822899161,0,LKFN
09-06-2008,0.02837776262105729,1,LKFN
10-06-2008,-0.025947221030045542,1,LKFN
11-06-2008,-0.02410147030902776,0,LKFN
12-06-2008,0.0012998853729575544,0,LKFN
13-06-2008,0.01254913078219877,0,LKFN
16-06-2008,0.01837546607674878,1,LKFN
17-06-2008,-0.0499371895888695,1,LKFN
18-06-2008,-0.007508527665650355,0,LKFN
19-06-2008,0.01379593515180666,1,LKFN
20-06-2008,-0.026338859432144868,1,LKFN
23-06-2008,-0.0509467337110614,1,LKFN
24-06-2008,-0.015202176161309366,0,LKFN
25-06-2008,0.0009650861582208847,1,LKFN
26-06-2008,-0.03180722200338759,1,LKFN
27-06-2008,-0.019910440896489634,1,LKFN
30-06-2008,-0.030979699992320753,0,LKFN
01-07-2008,0.044548884754686435,0,LKFN
02-07-2008,0.02057189348753652,0,LKFN
03-07-2008,0.005899676915674279,1,LKFN
07-07-2008,-0.057184894881734616,0,LKFN
08-07-2008,0.11456722094157223,1,LKFN
09-07-2008,-0.06325582881806358,0,LKFN
10-07-2008,0.03972222470164999,0,LKFN
11-07-2008,0.02674281689452984,1,LKFN
14-07-2008,-0.05023288144404903,1,LKFN
15-07-2008,-0.01860875129742323,0,LKFN
16-07-2008,0.09031938599650124,0,LKFN
17-07-2008,0.006864841289568213,1,LKFN
18-07-2008,-0.03090891658816175,1,LKFN
21-07-2008,-0.00938097377749414,0,LKFN
22-07-2008,0.02935612670119414,1,LKFN
23-07-2008,-0.022006151781302385,1,LKFN
24-07-2008,-0.00568491464172971,0,LKFN
25-07-2008,0.00047656957585129334,1,LKFN
28-07-2008,-0.038571282058449397,0,LKFN
29-07-2008,0.03268917918870251,1,LKFN
30-07-2008,-0.0023978014303864814,1,LKFN
31-07-2008,-0.009615307605557954,0,LKFN
01-08-2008,0.004854281540242589,1,LKFN
04-08-2008,-0.022705280870931377,0,LKFN
05-08-2008,0.012852380745113523,1,LKFN
06-08-2008,-0.012689293118567369,1,LKFN
07-08-2008,-0.006920565495341591,0,LKFN
08-08-2008,0.015430653076491163,0,LKFN
11-08-2008,0.022549121778926207,0,LKFN
12-08-2008,0.05321175875442208,0,LKFN
13-08-2008,0.020937647334193565,1,LKFN
14-08-2008,-0.01738776229807726,0,LKFN
15-08-2008,0.00726004874825259,1,LKFN
18-08-2008,-0.02522523456089576,1,LKFN
19-08-2008,-0.0032347746013603462,1,LKFN
20-08-2008,-0.013444384406400722,0,LKFN
21-08-2008,0.0032890316219345017,0,LKFN
22-08-2008,0.011709997360086266,1,LKFN
25-08-2008,-0.06990776165704748,0,LKFN
26-08-2008,0.03235447097040223,0,LKFN
27-08-2008,0.0,0,LKFN
28-08-2008,0.02989400279233423,1,LKFN
29-08-2008,-0.046348532377095686,0,LKFN
02-09-2008,0.03043680638965829,1,LKFN
03-09-2008,-0.029060917950100906,1,LKFN
04-09-2008,-0.000981569994299325,0,LKFN
05-09-2008,0.04813337454256916,1,LKFN
08-09-2008,-0.023898237054757465,0,LKFN
09-09-2008,0.018722396183372014,0,LKFN
10-09-2008,0.03157397931766015,1,LKFN
11-09-2008,-0.0022838811030108097,0,LKFN
12-09-2008,0.01236249703861425,1,LKFN
15-09-2008,-0.04568074337475747,0,LKFN
16-09-2008,0.1104262798744522,1,LKFN
17-09-2008,-0.08493365168157008,0,LKFN
18-09-2008,0.18936612300771372,1,LKFN
19-09-2008,-0.06156882612031733,1,LKFN
22-09-2008,-0.022983498032559724,0,LKFN
23-09-2008,0.032078245764248114,1,LKFN
24-09-2008,-0.04682926388261632,0,LKFN
25-09-2008,0.038260573399439446,1,LKFN
26-09-2008,-0.026381696815449107,1,LKFN
29-09-2008,-0.04172052189953579,1,LKFN
30-09-2008,-0.014362256937280216,1,LKFN
01-10-2008,-0.048269977659360586,0,LKFN
02-10-2008,0.03540680371465044,1,LKFN
03-10-2008,-0.030961165292335724,0,LKFN
06-10-2008,0.040057049938272415,1,LKFN
07-10-2008,-0.0724437740265862,0,LKFN
08-10-2008,0.012852380745113523,1,LKFN
09-10-2008,-0.16788700195318174,0,LKFN
10-10-2008,0.2521993306018475,0,LKFN
13-10-2008,0.030913653631758464,1,LKFN
14-10-2008,-0.08405312055365577,1,LKFN
15-10-2008,-0.014880788427002023,0,LKFN
16-10-2008,0.10171221105739403,1,LKFN
17-10-2008,-0.07266909223275331,0,LKFN
20-10-2008,0.05224224663623156,1,LKFN
21-10-2008,-0.061826471259770144,0,LKFN
22-10-2008,0.0012573380611649032,1,LKFN
23-10-2008,-0.004020327891677611,1,LKFN
24-10-2008,-0.03632672197008091,1,LKFN
27-10-2008,-0.0712040948391991,0,LKFN
28-10-2008,0.13077774396977282,0,LKFN
29-10-2008,0.006480827042407267,1,LKFN
30-10-2008,-0.0014862602071349373,0,LKFN
31-10-2008,0.11359156233579948,1,LKFN
03-11-2008,-0.04721563304940901,1,LKFN
04-11-2008,-0.0018702294957153587,1,LKFN
05-11-2008,-0.001873641637463619,0,LKFN
06-11-2008,0.0037544098640591717,1,LKFN
07-11-2008,-0.009350963482363861,1,LKFN
10-11-2008,-0.029730651868947522,0,LKFN
11-11-2008,0.015078098185662636,1,LKFN
12-11-2008,-0.026354061434695875,0,LKFN
13-11-2008,0.04330731270722499,1,LKFN
14-11-2008,-0.10188697319430229,0,LKFN
17-11-2008,0.035714448126107134,1,LKFN
18-11-2008,-0.060851971103481506,0,LKFN
19-11-2008,0.050215633663757586,1,LKFN
20-11-2008,-0.04987106340717984,0,LKFN
21-11-2008,0.1590908364875927,0,LKFN
24-11-2008,0.011204563625875297,1,LKFN
25-11-2008,-0.030009291367640856,0,LKFN
26-11-2008,0.047120270263815156,0,LKFN
28-11-2008,0.008636315944688278,1,LKFN
01-12-2008,-0.144659706771332,0,LKFN
02-12-2008,0.111696624914853,1,LKFN
03-12-2008,-0.011374304331095542,1,LKFN
04-12-2008,-0.03787167983559936,0,LKFN
05-12-2008,0.09616337763409466,0,LKFN
08-12-2008,0.009091066030266992,1,LKFN
09-12-2008,-0.028828861091125035,0,LKFN
10-12-2008,0.04128019884315437,1,LKFN
11-12-2008,-0.03340752982483308,0,LKFN
12-12-2008,0.005990667903111202,1,LKFN
15-12-2008,-0.06642214243288724,0,LKFN
16-12-2008,0.11383684095826285,1,LKFN
17-12-2008,-0.03700467635179383,1,LKFN
18-12-2008,-0.03019177627898173,0,LKFN
19-12-2008,0.0509434865971512,1,LKFN
22-12-2008,-0.07405747259023054,0,LKFN
23-12-2008,0.09452271767979914,0,LKFN
24-12-2008,0.006642636012985648,1,LKFN
26-12-2008,-0.000879857657506089,1,LKFN
29-12-2008,-0.028181539402433065,0,LKFN
30-12-2008,0.04213907775227077,0,LKFN
31-12-2008,0.035651614287613764,1,LKFN
02-01-2009,-0.03610385310223285,1,LKFN
05-01-2009,-0.04137624734178702,0,LKFN
06-01-2009,0.004089192076782711,1,LKFN
07-01-2009,-0.020814495270817135,0,LKFN
08-01-2009,0.0328094610554972,1,LKFN
09-01-2009,-0.017449330088993964,1,LKFN
12-01-2009,-0.006830805653865624,0,LKFN
13-01-2009,0.01788163129892717,1,LKFN
14-01-2009,-0.021171302895570676,1,LKFN
15-01-2009,-0.01058386727499172,1,LKFN
16-01-2009,-0.0013956100521999026,1,LKFN
20-01-2009,-0.0847698167993225,0,LKFN
21-01-2009,0.0643756326633127,1,LKFN
22-01-2009,-0.04289200500809598,1,LKFN
23-01-2009,-0.01560901637136436,0,LKFN
26-01-2009,0.013299133639945504,0,LKFN
27-01-2009,0.014134452176520096,0,LKFN
28-01-2009,0.07615703286483488,1,LKFN
29-01-2009,-0.08325628356338077,0,LKFN
30-01-2009,0.03935459213576031,0,LKFN
02-02-2009,0.055339594840913886,1,LKFN
03-02-2009,-0.036338089842214205,1,LKFN
04-02-2009,-0.031026753181205957,0,LKFN
05-02-2009,0.01674906637335094,0,LKFN
06-02-2009,0.0019382242683727569,1,LKFN
09-02-2009,-0.014023738784440853,1,LKFN
10-02-2009,-0.05296691150280464,0,LKFN
11-02-2009,0.033661361874856244,1,LKFN
12-02-2009,-0.01202436211235336,1,LKFN
13-02-2009,-0.041074923694238596,1,LKFN
17-02-2009,-0.05869881229661178,0,LKFN
18-02-2009,0.02247150712793422,1,LKFN
19-02-2009,-0.00109898373235906,0,LKFN
20-02-2009,0.007700920231563435,1,LKFN
23-02-2009,-0.0245634058579145,0,LKFN
24-02-2009,0.02294373159868668,1,LKFN
25-02-2009,-0.02133484306907829,1,LKFN
26-02-2009,-0.00223616284887862,1,LKFN
27-02-2009,-0.022408791712630882,1,LKFN
02-03-2009,-0.045845360043884065,1,LKFN
03-03-2009,-0.028228299567992332,0,LKFN
04-03-2009,0.016069103879648328,1,LKFN
05-03-2009,-0.09914829489754784,0,LKFN
06-03-2009,0.01417968701338257,1,LKFN
09-03-2009,-0.0572568767075069,0,LKFN
10-03-2009,0.15324809726516175,1,LKFN
11-03-2009,-0.006123443718870303,0,LKFN
12-03-2009,0.16327771570775673,1,LKFN
13-03-2009,-0.03177926469753356,0,LKFN
16-03-2009,0.03008738012147094,0,LKFN
17-03-2009,0.04832729441739558,0,LKFN
18-03-2009,0.0901720759758351,1,LKFN
19-03-2009,-0.058085374377017884,1,LKFN
20-03-2009,-0.03206742788775274,0,LKFN
23-03-2009,0.12945983457232302,1,LKFN
24-03-2009,-0.1340250027179165,0,LKFN
25-03-2009,0.025012867088444635,0,LKFN
26-03-2009,0.06304023115767099,1,LKFN
27-03-2009,-0.07460563358189043,1,LKFN
30-03-2009,-0.055296927988803035,0,LKFN
31-03-2009,0.04978122929399986,0,LKFN
01-04-2009,0.04689927839516428,0,LKFN
02-04-2009,0.03782959341439951,1,LKFN
03-04-2009,-0.0009587429652152535,1,LKFN
06-04-2009,-0.04512721932035335,1,LKFN
07-04-2009,-0.022624604052006614,0,LKFN
08-04-2009,0.038580074264411124,0,LKFN
09-04-2009,0.031203249880022543,0,LKFN
13-04-2009,0.005283732803863073,1,LKFN
14-04-2009,-0.07118956534846799,0,LKFN
15-04-2009,0.04783932422479231,1,LKFN
16-04-2009,-0.004418258480245241,1,LKFN
17-04-2009,-0.008875443435233388,1,LKFN
20-04-2009,-0.07412950666094897,0,LKFN
21-04-2009,0.09081111736589587,1,LKFN
22-04-2009,-0.041449551365839166,1,LKFN
23-04-2009,-0.02848246271033983,0,LKFN
24-04-2009,0.021321750449214028,1,LKFN
27-04-2009,-0.024530405131431565,1,LKFN
28-04-2009,-0.00856079094514306,0,LKFN
29-04-2009,0.05504603366852412,1,LKFN
30-04-2009,-0.039897704647440024,1,LKFN
01-05-2009,-0.04954706672521225,0,LKFN
04-05-2009,0.04260090587034693,1,LKFN
05-05-2009,-0.024731061721461223,0,LKFN
06-05-2009,0.0,1,LKFN
07-05-2009,-0.022602351722865177,0,LKFN
08-05-2009,0.0637340895615548,1,LKFN
11-05-2009,-0.02333009438359135,0,LKFN
12-05-2009,0.0054292772452817495,1,LKFN
13-05-2009,-0.0377967864493336,0,LKFN
14-05-2009,0.03479229527885952,1,LKFN
15-05-2009,-0.02711535319670244,0,LKFN
18-05-2009,0.0518391645585341,1,LKFN
19-05-2009,-0.01907771355328458,1,LKFN
20-05-2009,-0.019449379269228184,1,LKFN
21-05-2009,-0.009365764597153658,1,LKFN
22-05-2009,-0.031702329915600846,0,LKFN
26-05-2009,0.10568670154751514,1,LKFN
27-05-2009,-0.05350619277462976,1,LKFN
28-05-2009,-0.01427017428197741,0,LKFN
29-05-2009,0.04008878438083574,0,LKFN
01-06-2009,0.04978600304551284,0,LKFN
02-06-2009,0.013258676934193803,1,LKFN
03-06-2009,-0.013588209770913462,0,LKFN
04-06-2009,0.0030612093600710377,1,LKFN
05-06-2009,-0.002543468828316242,1,LKFN
08-06-2009,-0.01427846116318432,1,LKFN
09-06-2009,-0.004138625305270427,1,LKFN
10-06-2009,-0.004155623416983056,0,LKFN
11-06-2009,0.02712578643557051,0,LKFN
12-06-2009,0.005586318429793069,1,LKFN
15-06-2009,-0.03737356183838103,1,LKFN
16-06-2009,-0.027807145593653382,0,LKFN
17-06-2009,0.01888835821195123,0,LKFN
18-06-2009,0.009534058535706436,0,LKFN
19-06-2009,0.024659207122845084,1,LKFN
22-06-2009,-0.03533032864270769,1,LKFN
23-06-2009,-0.007431166102702558,1,LKFN
24-06-2009,-0.0042781576394322895,0,LKFN
25-06-2009,0.026852717875871956,1,LKFN
26-06-2009,-0.01307550618441855,0,LKFN
29-06-2009,0.009539421470310394,1,LKFN
30-06-2009,-0.002624913223277514,0,LKFN
01-07-2009,0.010526368384043083,1,LKFN
02-07-2009,-0.05468799743938679,0,LKFN
06-07-2009,0.0077139998219502015,0,LKFN
07-07-2009,0.019136208654946474,0,LKFN
08-07-2009,0.005900895554159069,1,LKFN
09-07-2009,-0.02666665288950909,1,LKFN
10-07-2009,-0.000547252754019012,0,LKFN
13-07-2009,0.03892518702818082,1,LKFN
14-07-2009,-0.01794217208920479,0,LKFN
15-07-2009,0.027941837237376976,0,LKFN
16-07-2009,0.01202309825183212,1,LKFN
17-07-2009,-0.005681741989910782,0,LKFN
20-07-2009,0.006753466760145654,1,LKFN
21-07-2009,-0.008771636931027782,0,LKFN
22-07-2009,0.0002617169255614282,0,LKFN
23-07-2009,0.009968251305116471,1,LKFN
24-07-2009,-0.013506174456550335,0,LKFN
27-07-2009,0.013164749676768617,0,LKFN
28-07-2009,0.019230886403115655,0,LKFN
29-07-2009,0.0005099919816402565,0,LKFN
30-07-2009,0.01834849175544706,1,LKFN
31-07-2009,-0.020020273914259312,0,LKFN
03-08-2009,0.0045966675264625945,0,LKFN
04-08-2009,0.0015250162159372582,1,LKFN
05-08-2009,-0.012690190431873805,1,LKFN
06-08-2009,-0.018508967254049713,0,LKFN
07-08-2009,0.04924045889977524,0,LKFN
10-08-2009,0.011982102786360693,1,LKFN
11-08-2009,-0.03404072599863128,0,LKFN
12-08-2009,0.04290085614441774,0,LKFN
13-08-2009,0.0,1,LKFN
14-08-2009,-0.047991814456496695,1,LKFN
17-08-2009,-0.01388881474614212,0,LKFN
18-08-2009,0.028690458909399474,0,LKFN
19-08-2009,0.02484817010366802,0,LKFN
20-08-2009,0.004452804381467557,0,LKFN
21-08-2009,0.02216778544901654,1,LKFN
24-08-2009,-0.004337573104046033,1,LKFN
25-08-2009,-0.0033876727741950496,0,LKFN
26-08-2009,0.0067987495647061635,0,LKFN
27-08-2009,0.0004826237376898135,1,LKFN
28-08-2009,-0.023143645101865062,1,LKFN
31-08-2009,-0.018262602623390967,1,LKFN
01-09-2009,-0.02212172839632609,0,LKFN
02-09-2009,0.003085025488043014,0,LKFN
03-09-2009,0.010251331578744916,1,LKFN
04-09-2009,-0.0045663471728438765,1,LKFN
08-09-2009,-0.008155026708038138,0,LKFN
09-09-2009,0.0354572360004104,0,LKFN
10-09-2009,0.0049628662469587415,1,LKFN
11-09-2009,-0.004444484092691159,0,LKFN
14-09-2009,0.009920617898064421,0,LKFN
15-09-2009,0.010805860183509264,0,LKFN
16-09-2009,0.008260196613540716,0,LKFN
17-09-2009,0.005783214701625905,0,LKFN
18-09-2009,0.01629138859409407,0,LKFN
21-09-2009,0.00471456679090454,0,LKFN
22-09-2009,0.013608565421414642,1,LKFN
23-09-2009,-0.02499995773863073,0,LKFN
24-09-2009,0.0028489066567869425,1,LKFN
25-09-2009,-0.004734749736346688,0,LKFN
28-09-2009,0.0647003559041619,1,LKFN
29-09-2009,-0.03619309303012164,1,LKFN
30-09-2009,-0.04265175714580094,1,LKFN
01-10-2009,-0.007263955868115457,1,LKFN
02-10-2009,-0.01951187913147545,0,LKFN
05-10-2009,0.02089528721375178,0,LKFN
06-10-2009,0.002924158439320035,0,LKFN
07-10-2009,0.004858889747474837,0,LKFN
08-10-2009,0.014506649934419524,0,LKFN
09-10-2009,0.040038245072209655,1,LKFN
12-10-2009,-0.038038558548846635,0,LKFN
13-10-2009,0.020961959376922135,0,LKFN
14-10-2009,0.02379896326071762,1,LKFN
15-10-2009,-0.008204440222096099,1,LKFN
16-10-2009,-0.04090053418600559,0,LKFN
19-10-2009,0.03785316847341891,1,LKFN
20-10-2009,-0.01892873620328639,1,LKFN
21-10-2009,-0.004030040177408045,0,LKFN
22-10-2009,0.023322657364602595,1,LKFN
23-10-2009,-0.008372149647383309,1,LKFN
26-10-2009,-0.009381056274168076,1,LKFN
27-10-2009,-0.0392992872897,0,LKFN
28-10-2009,0.029571269481468265,0,LKFN
29-10-2009,0.0,1,LKFN
30-10-2009,-0.015318269036968646,1,LKFN
02-11-2009,-0.0019445826858964788,0,LKFN
03-11-2009,0.003409812666598455,1,LKFN
04-11-2009,-0.04660201080034454,0,LKFN
05-11-2009,0.027494708241000865,1,LKFN
06-11-2009,-0.015857406710807376,0,LKFN
09-11-2009,0.0015108410143385154,1,LKFN
10-11-2009,-0.03418789728274729,1,LKFN
11-11-2009,-0.008328808893729112,1,LKFN
12-11-2009,-0.0430452251815403,1,LKFN
13-11-2009,-0.08173285618665815,0,LKFN
16-11-2009,0.008960670693556994,0,LKFN
17-11-2009,0.0065123702391367555,1,LKFN
18-11-2009,-0.0005882642736289023,0,LKFN
19-11-2009,0.0005886105321759594,0,LKFN
20-11-2009,0.007646986671807854,0,LKFN
23-11-2009,0.0011677112958834446,1,LKFN
24-11-2009,-0.0017496908645868725,0,LKFN
25-11-2009,0.0005843639843237103,1,LKFN
27-11-2009,-0.018096907898261128,0,LKFN
30-11-2009,0.013079745285290434,1,LKFN
01-12-2009,-0.0029343048891571355,0,LKFN
02-12-2009,0.007651263193909408,1,LKFN
03-12-2009,-0.0029201483999247158,0,LKFN
04-12-2009,0.020503586750225233,0,LKFN
07-12-2009,0.013777181379750703,1,LKFN
08-12-2009,-0.004529803344829553,0,LKFN
09-12-2009,0.0011378209962862318,1,LKFN
10-12-2009,-0.01761406766725193,0,LKFN
11-12-2009,0.002891877926538111,0,LKFN
14-12-2009,0.021338233226370962,0,LKFN
15-12-2009,0.001128930182454635,1,LKFN
16-12-2009,-0.026508227969663012,0,LKFN
17-12-2009,0.0023175003050650567,0,LKFN
18-12-2009,0.015606820085319884,0,LKFN
21-12-2009,0.0017075398754426985,0,LKFN
22-12-2009,0.004545352555052284,0,LKFN
23-12-2009,0.003959147117853945,0,LKFN
24-12-2009,0.0016900092658165278,0,LKFN
28-12-2009,0.0,1,LKFN
29-12-2009,-0.006186603489446996,0,LKFN
30-12-2009,0.0016979846055298342,1,LKFN
31-12-2009,-0.025423900535941124,0,LKFN
04-01-2010,0.01913049363835717,1,LKFN
05-01-2010,-0.0017062431592378413,1,LKFN
06-01-2010,-0.007407770560650562,0,LKFN
07-01-2010,0.013203100213522667,0,LKFN
08-01-2010,0.0011333086603155795,1,LKFN
11-01-2010,-0.00452734713954861,1,LKFN
12-01-2010,-0.011938863958185886,0,LKFN
13-01-2010,0.003452524630508158,0,LKFN
14-01-2010,0.006880853872594184,1,LKFN
15-01-2010,-0.01082046824922589,0,LKFN
19-01-2010,0.021301489977433086,1,LKFN
20-01-2010,-0.023111780154343786,1,LKFN
21-01-2010,-0.0014557563030482834,1,LKFN
22-01-2010,-0.002332451447592754,0,LKFN
25-01-2010,0.003506580487862454,0,LKFN
26-01-2010,0.001165142837636468,0,LKFN
27-01-2010,0.009307545168645737,0,LKFN
28-01-2010,0.01325647899949578,0,LKFN
29-01-2010,0.055176292209776934,1,LKFN
01-02-2010,-0.027492924142959785,1,LKFN
02-02-2010,-0.012750065739546068,1,LKFN
03-02-2010,-0.02189784121445637,1,LKFN
04-02-2010,-0.022961488960672294,0,LKFN
05-02-2010,0.029376831129405367,1,LKFN
08-02-2010,-0.01883534794014552,1,LKFN
09-02-2010,-0.005235776002541215,0,LKFN
10-02-2010,0.004678432793013165,0,LKFN
11-02-2010,0.02095452624039784,0,LKFN
12-02-2010,0.002280482044491716,1,LKFN
16-02-2010,-0.005688448294293602,0,LKFN
17-02-2010,0.002288418377004442,0,LKFN
18-02-2010,0.004566171116809459,0,LKFN
19-02-2010,0.006818231380708806,0,LKFN
22-02-2010,0.005643292686830392,1,LKFN
23-02-2010,-0.01683498003942252,0,LKFN
24-02-2010,0.01198652293170377,1,LKFN
25-02-2010,-0.0011281283594449798,1,LKFN
26-02-2010,-0.005646371798567307,0,LKFN
01-03-2010,0.008517383112388366,0,LKFN
02-03-2010,0.0011263296918178067,1,LKFN
03-03-2010,-0.005624142777875041,0,LKFN
04-03-2010,0.011877511286720877,0,LKFN
05-03-2010,0.011738726075606998,1,LKFN
08-03-2010,-0.0038675787014399443,1,LKFN
09-03-2010,-0.0027732371603292894,0,LKFN
10-03-2010,0.0,1,LKFN
11-03-2010,-0.00722966923674373,0,LKFN
12-03-2010,0.009523300091622167,1,LKFN
15-03-2010,-0.0005549342404497226,1,LKFN
16-03-2010,-0.003886591563549646,0,LKFN
17-03-2010,0.007245892627617989,0,LKFN
18-03-2010,0.003874315562521158,0,LKFN
19-03-2010,0.026461152207726046,0,LKFN
22-03-2010,0.016111259248638765,0,LKFN
23-03-2010,0.0010570734734014486,1,LKFN
24-03-2010,-0.013199365786765505,0,LKFN
25-03-2010,0.010165674495891786,1,LKFN
26-03-2010,-0.004237452353196058,0,LKFN
29-03-2010,0.0031915632907566494,0,LKFN
30-03-2010,0.005832500763397919,0,LKFN
31-03-2010,0.004217547973661251,0,LKFN
01-04-2010,0.006824086702633458,0,LKFN
05-04-2010,0.008863223036257084,0,LKFN
06-04-2010,0.010852326729040573,0,LKFN
07-04-2010,0.0020456496041851846,0,LKFN
08-04-2010,0.003571011018921544,0,LKFN
09-04-2010,0.006609377894143842,0,LKFN
12-04-2010,0.002020279762482202,0,LKFN
13-04-2010,0.001511988075630466,0,LKFN
14-04-2010,0.02918947773574665,0,LKFN
15-04-2010,0.002445059433176411,1,LKFN
16-04-2010,-0.0034145126286333483,1,LKFN
19-04-2010,-0.0014684160069656782,0,LKFN
20-04-2010,0.007843254287857704,0,LKFN
21-04-2010,0.018867456052263032,0,LKFN
22-04-2010,0.018759053924156666,0,LKFN
23-04-2010,0.011331329309338,1,LKFN
26-04-2010,-0.022875659537861193,0,LKFN
27-04-2010,0.004777632539183063,1,LKFN
28-04-2010,-0.0023774576505598555,0,LKFN
29-04-2010,0.01048619027154385,1,LKFN
30-04-2010,-0.01603760258057485,0,LKFN
03-05-2010,0.013902167143004851,1,LKFN
04-05-2010,-0.009929464233194851,0,LKFN
05-05-2010,0.0028655701008613033,1,LKFN
06-05-2010,-0.022857001421542678,0,LKFN
07-05-2010,0.00828434789176824,0,LKFN
10-05-2010,0.051232723353451526,0,LKFN
11-05-2010,0.0041378455940512815,0,LKFN
12-05-2010,0.01144709974673086,1,LKFN
13-05-2010,-0.011770221345093534,1,LKFN
14-05-2010,-0.03069164045901518,0,LKFN
17-05-2010,0.008033781717803778,1,LKFN
18-05-2010,-0.024378683066563434,1,LKFN
19-05-2010,-0.004325205850114311,1,LKFN
20-05-2010,-0.030887578776615854,0,LKFN
21-05-2010,0.010956187957173569,1,LKFN
24-05-2010,-0.02413813088706296,1,LKFN
25-05-2010,-0.008076679531522801,0,LKFN
26-05-2010,0.01577619305269584,0,LKFN
27-05-2010,0.026051776208326993,1,LKFN
28-05-2010,-0.013671679047585594,1,LKFN
01-06-2010,-0.021286991902016217,0,LKFN
02-06-2010,0.03540694788375354,0,LKFN
03-06-2010,0.023449174083614244,1,LKFN
04-06-2010,-0.04773277748708027,1,LKFN
07-06-2010,-0.011528909276373511,0,LKFN
08-06-2010,0.001014252054053033,0,LKFN
09-06-2010,0.0015198841127572749,0,LKFN
10-06-2010,0.024279058112903984,0,LKFN
11-06-2010,0.03111140063480433,1,LKFN
14-06-2010,-0.006705151196391923,0,LKFN
15-06-2010,0.012536094913109919,0,LKFN
16-06-2010,0.0,1,LKFN
17-06-2010,-0.00047643883948733645,0,LKFN
18-06-2010,0.011910480133659807,1,LKFN
21-06-2010,-0.00847440407333988,1,LKFN
22-06-2010,-0.021367528982910278,0,LKFN
23-06-2010,0.002911543044977538,1,LKFN
24-06-2010,-0.00338677256833142,0,LKFN
25-06-2010,0.01941739967271494,0,LKFN
28-06-2010,0.0038093662049922816,1,LKFN
29-06-2010,-0.025616799722627648,1,LKFN
30-06-2010,-0.02726348539075052,0,LKFN
01-07-2010,0.010510355957634054,1,LKFN
02-07-2010,-0.0054481093146125925,1,LKFN
06-07-2010,-0.00697238296410585,0,LKFN
07-07-2010,0.015045268115527533,0,LKFN
08-07-2010,0.013834161757526386,0,LKFN
09-07-2010,0.004873366361966669,1,LKFN
12-07-2010,-0.016974106947448164,0,LKFN
13-07-2010,0.024173675880451606,1,LKFN
14-07-2010,-0.004816847096943855,1,LKFN
15-07-2010,-0.02420126119760191,1,LKFN
16-07-2010,-0.043154831990066755,0,LKFN
19-07-2010,0.0,0,LKFN
20-07-2010,0.02229119712935712,1,LKFN
21-07-2010,-0.03603435154381551,0,LKFN
22-07-2010,0.054083157947625526,0,LKFN
23-07-2010,0.029175196330543107,0,LKFN
26-07-2010,0.02003919029769441,1,LKFN
27-07-2010,-0.0215623367836153,1,LKFN
28-07-2010,-0.00979424946599261,0,LKFN
29-07-2010,0.00840756726168923,0,LKFN
30-07-2010,0.00686618888853574,0,LKFN
02-08-2010,0.022893267915446325,1,LKFN
03-08-2010,-0.011904764015530978,0,LKFN
04-08-2010,0.0019277327221818297,1,LKFN
05-08-2010,-0.010100900653716716,0,LKFN
06-08-2010,0.011661576547233654,0,LKFN
09-08-2010,0.015850459634804803,1,LKFN
10-08-2010,-0.030733070694530462,1,LKFN
11-08-2010,-0.03707313750686769,1,LKFN
12-08-2010,-0.011144820993545412,1,LKFN
13-08-2010,-0.011783062550965617,0,LKFN
16-08-2010,0.011923558587633831,1,LKFN
17-08-2010,-0.005635547756090653,1,LKFN
18-08-2010,-0.004636503052332763,1,LKFN
19-08-2010,-0.02795052931688291,0,LKFN
20-08-2010,0.015974525457640443,1,LKFN
23-08-2010,-0.0476939281597043,0,LKFN
24-08-2010,0.02366529424879582,0,LKFN
25-08-2010,0.01612911782001092,1,LKFN
26-08-2010,-0.019047541183679795,0,LKFN
27-08-2010,0.040992612651837845,1,LKFN
30-08-2010,-0.041969236835888823,0,LKFN
31-08-2010,0.0016227690701042796,0,LKFN
01-09-2010,0.04859615681933471,0,LKFN
02-09-2010,0.0005148909017982373,0,LKFN
03-09-2010,0.014925205814439346,1,LKFN
07-09-2010,-0.010141820463712148,0,LKFN
08-09-2010,0.002049203389588028,1,LKFN
09-09-2010,-0.00255631351760488,0,LKFN
10-09-2010,0.006663181826769948,0,LKFN
13-09-2010,0.018839460350086545,0,LKFN
14-09-2010,0.004997277231937103,1,LKFN
15-09-2010,-0.006961511169495727,1,LKFN
16-09-2010,-0.050075479405863654,0,LKFN
17-09-2010,0.0,0,LKFN
20-09-2010,0.012651896012991326,1,LKFN
21-09-2010,-0.016658369301772114,1,LKFN
22-09-2010,-0.012704985203486396,1,LKFN
23-09-2010,-0.0182305699073263,0,LKFN
24-09-2010,0.0049153516917208595,1,LKFN
27-09-2010,-0.02282594090645329,0,LKFN
28-09-2010,0.019465928696959622,0,LKFN
29-09-2010,0.024549739138771898,1,LKFN
30-09-2010,-0.00638955243988093,1,LKFN
01-10-2010,-0.0016077850518593229,1,LKFN
04-10-2010,-0.006441196959205864,0,LKFN
05-10-2010,0.02377070070869247,0,LKFN
06-10-2010,0.004749346072134619,1,LKFN
07-10-2010,-0.010503931763261476,0,LKFN
08-10-2010,0.020169880961980136,1,LKFN
11-10-2010,-0.008844907262337665,1,LKFN
12-10-2010,-0.005774489418273743,0,LKFN
13-10-2010,0.0026396015925680416,0,LKFN
14-10-2010,0.013165418981822219,1,LKFN
15-10-2010,-0.014033565332781883,0,LKFN
18-10-2010,0.02266718706558124,1,LKFN
19-10-2010,-0.01494809938286601,0,LKFN
20-10-2010,0.003662898749038135,0,LKFN
21-10-2010,0.0023653665837735094,0,LKFN
22-10-2010,0.0026215312426738357,0,LKFN
25-10-2010,0.009937355736183928,0,LKFN
26-10-2010,0.009321442195572516,1,LKFN
27-10-2010,-0.001026034791949959,1,LKFN
28-10-2010,-0.005136201871996815,1,LKFN
29-10-2010,-0.019618197350980915,1,LKFN
01-11-2010,-0.0010529528920274478,0,LKFN
02-11-2010,0.027939088255172884,0,LKFN
03-11-2010,0.0,0,LKFN
04-11-2010,0.02307682619134499,0,LKFN
05-11-2010,0.011528673952572399,0,LKFN
08-11-2010,0.0,1,LKFN
09-11-2010,-0.0014865657284419687,0,LKFN
10-11-2010,0.03424301435523791,0,LKFN
11-11-2010,0.004318725446984972,0,LKFN
12-11-2010,0.000955619245859296,0,LKFN
15-11-2010,0.006205198256159061,0,LKFN
16-11-2010,0.001897550993233521,1,LKFN
17-11-2010,-0.006155426194560887,1,LKFN
18-11-2010,-0.014292611746340111,1,LKFN
19-11-2010,-0.00483254039054648,0,LKFN
22-11-2010,0.00145669454822972,1,LKFN
23-11-2010,-0.0014545756757727846,0,LKFN
24-11-2010,0.019426271139088902,1,LKFN
26-11-2010,-0.006193286201858439,1,LKFN
29-11-2010,-0.0014379291412458528,0,LKFN
30-11-2010,0.0038399402545934436,0,LKFN
01-12-2010,0.0,0,LKFN
02-12-2010,0.009086849035389921,0,LKFN
03-12-2010,0.004265596505674818,1,LKFN
06-12-2010,-0.00047172902587999666,0,LKFN
07-12-2010,0.00991482113921438,0,LKFN
08-12-2010,0.0018700501212456366,0,LKFN
09-12-2010,0.01213233554848503,0,LKFN
10-12-2010,0.0036885408502238537,1,LKFN
13-12-2010,-0.005052893020462634,0,LKFN
14-12-2010,0.0013849052826755415,1,LKFN
15-12-2010,-0.01014289136853852,0,LKFN
16-12-2010,0.006055168085961293,1,LKFN
17-12-2010,-0.0050926609871800865,1,LKFN
20-12-2010,-0.010702687504554387,0,LKFN
21-12-2010,0.016462929592448772,0,LKFN
22-12-2010,0.021286253828004087,1,LKFN
23-12-2010,-0.002718690048583605,0,LKFN
27-12-2010,0.0072694920618194825,0,LKFN
28-12-2010,0.004059640684566546,1,LKFN
29-12-2010,-0.0062892424354795695,1,LKFN
30-12-2010,-0.018083433694354722,1,LKFN
31-12-2010,-0.011970180442450573,0,LKFN
03-01-2011,0.05917948682645768,1,LKFN
04-01-2011,-0.018037499514572786,0,LKFN
05-01-2011,0.015232742495135287,1,LKFN
06-01-2011,-0.004413063456693678,1,LKFN
07-01-2011,-0.01595718774538668,0,LKFN
10-01-2011,0.0013513013293826592,0,LKFN
11-01-2011,0.019343013243905416,0,LKFN
12-01-2011,0.002206531728347061,0,LKFN
13-01-2011,0.0008805556258022484,0,LKFN
14-01-2011,0.02155767939317288,0,LKFN
18-01-2011,0.012919658466049366,1,LKFN
19-01-2011,-0.02210889654786341,1,LKFN
20-01-2011,-0.004347666904644276,1,LKFN
21-01-2011,-0.005935581929110256,0,LKFN
24-01-2011,0.018133720552923727,1,LKFN
25-01-2011,-0.013032381044046804,1,LKFN
26-01-2011,-0.00528151219664974,1,LKFN
27-01-2011,-0.03716826239521709,1,LKFN
28-01-2011,-0.029871277859291,1,LKFN
31-01-2011,-0.025106554346735477,0,LKFN
01-02-2011,0.03304179948993036,1,LKFN
02-02-2011,-0.0004701856163404905,1,LKFN
03-02-2011,-0.0004708383607161526,1,LKFN
04-02-2011,-0.007062189093821725,0,LKFN
07-02-2011,0.033664971370128915,1,LKFN
08-02-2011,-0.020641994969364696,1,LKFN
09-02-2011,-0.0037470037114372134,0,LKFN
10-02-2011,0.007992761337831222,0,LKFN
11-02-2011,0.04057819680841668,1,LKFN
14-02-2011,-0.014343323929896679,1,LKFN
15-02-2011,-0.006366495231405089,0,LKFN
16-02-2011,0.00045748948907409215,0,LKFN
17-02-2011,0.0050321807856361644,1,LKFN
18-02-2011,-0.001365723438958577,1,LKFN
22-02-2011,-0.014585047803410522,1,LKFN
23-02-2011,-0.002312545647092268,0,LKFN
24-02-2011,0.012980919346159636,0,LKFN
25-02-2011,0.03157903042783583,1,LKFN
28-02-2011,-0.00532393178375723,1,LKFN
01-03-2011,-0.014719053582525343,1,LKFN
02-03-2011,-0.007695563785590109,0,LKFN
03-03-2011,0.025547215302072157,1,LKFN
04-03-2011,-0.005783055343510979,1,LKFN
07-03-2011,-0.03355683768627227,0,LKFN
08-03-2011,0.006018236256149834,1,LKFN
09-03-2011,-0.014726082839681354,1,LKFN
10-03-2011,-0.030826488732751955,0,LKFN
11-03-2011,0.0014455792535246204,0,LKFN
14-03-2011,0.0024063799653046836,1,LKFN
15-03-2011,-0.0019201831795052637,1,LKFN
16-03-2011,-0.007215223889498357,0,LKFN
17-03-2011,0.016472738537463893,0,LKFN
18-03-2011,0.03765491093768514,0,LKFN
21-03-2011,0.014239599825565774,0,LKFN
22-03-2011,0.0018117270826285559,0,LKFN
23-03-2011,0.018083179941172922,0,LKFN
24-03-2011,0.0004439600782883968,0,LKFN
25-03-2011,0.0017756221271614248,1,LKFN
28-03-2011,-0.0008859530126344994,1,LKFN
29-03-2011,-0.0022174972514110713,0,LKFN
30-03-2011,0.006666705795310701,0,LKFN
31-03-2011,0.0013247215768714682,0,LKFN
01-04-2011,0.0030860381117618907,0,LKFN
04-04-2011,0.0021979228653392635,0,LKFN
05-04-2011,0.00043850789543475877,0,LKFN
06-04-2011,0.006576182740734682,1,LKFN
07-04-2011,-0.010017554686142627,1,LKFN
08-04-2011,-0.008799023612834356,1,LKFN
11-04-2011,-0.006657992758138276,1,LKFN
12-04-2011,-0.004021046734259959,1,LKFN
13-04-2011,-0.017945344644258676,1,LKFN
14-04-2011,-0.006395579794596373,0,LKFN
15-04-2011,0.007816368591840872,1,LKFN
18-04-2011,-0.010949117350677051,1,LKFN
19-04-2011,-0.012453981148810578,0,LKFN
20-04-2011,0.0011760525276047762,0,LKFN
21-04-2011,0.006579030684173981,1,LKFN
25-04-2011,-0.02100860088053258,0,LKFN
26-04-2011,0.023366882801410638,0,LKFN
27-04-2011,0.013513520393227951,0,LKFN
28-04-2011,0.005976997175505927,0,LKFN
29-04-2011,0.001370983876084253,1,LKFN
02-05-2011,-0.021451113643846886,0,LKFN
03-05-2011,0.003264753772289186,1,LKFN
04-05-2011,-0.016271411071321573,0,LKFN
05-05-2011,0.007088942002577259,1,LKFN
06-05-2011,-0.0004693606526924299,0,LKFN
09-05-2011,0.010328475068648313,0,LKFN
10-05-2011,0.027881250380759726,1,LKFN
11-05-2011,-0.005425257865619759,0,LKFN
12-05-2011,0.015909170666527084,1,LKFN
13-05-2011,-0.004026623424024711,1,LKFN
16-05-2011,-0.004043557073770909,1,LKFN
17-05-2011,-0.004961295880036576,0,LKFN
18-05-2011,0.004532959935260594,1,LKFN
19-05-2011,-0.005415219558258189,1,LKFN
20-05-2011,-0.018148461970103225,1,LKFN
23-05-2011,-0.015711791925977492,1,LKFN
24-05-2011,-0.002817058897500946,0,LKFN
25-05-2011,0.013653663683651507,0,LKFN
26-05-2011,0.0157915604347576,0,LKFN
27-05-2011,0.015089553949967804,0,LKFN
31-05-2011,0.006756519005318928,1,LKFN
01-06-2011,-0.029530228353477517,0,LKFN
02-06-2011,0.005993783832406896,1,LKFN
03-06-2011,-0.01741515940850047,1,LKFN
06-06-2011,-0.0027987486228768788,1,LKFN
07-06-2011,-0.003273831474670419,0,LKFN
08-06-2011,0.007507976055001864,1,LKFN
09-06-2011,-0.011644029808784206,1,LKFN
10-06-2011,-0.003770124679437492,0,LKFN
13-06-2011,0.0028382080985100977,0,LKFN
14-06-2011,0.021698155099387773,1,LKFN
15-06-2011,-0.032317540097753894,0,LKFN
16-06-2011,0.009064856400060384,0,LKFN
17-06-2011,0.025531706803871845,0,LKFN
20-06-2011,0.0041495684839985,0,LKFN
21-06-2011,0.010100766891810053,1,LKFN
22-06-2011,-0.016818202284240802,0,LKFN
23-06-2011,0.0073973247834875355,0,LKFN
24-06-2011,0.01468542741014045,0,LKFN
27-06-2011,0.010402801795808436,1,LKFN
28-06-2011,-0.0017905561205836529,1,LKFN
29-06-2011,-0.0026905702905055673,0,LKFN
30-06-2011,0.0008993854949628233,0,LKFN
01-07-2011,0.01527385135886794,0,LKFN
05-07-2011,0.006194768910151138,1,LKFN
06-07-2011,-0.003518120047839246,0,LKFN
07-07-2011,0.03795218984178783,1,LKFN
08-07-2011,-0.0012754657675827508,1,LKFN
11-07-2011,-0.01787955776479333,0,LKFN
12-07-2011,0.012136967172602375,0,LKFN
13-07-2011,0.006423756271106695,1,LKFN
14-07-2011,-0.011063726123362816,0,LKFN
15-07-2011,0.015490380771666201,1,LKFN
18-07-2011,-0.018220112713834613,0,LKFN
19-07-2011,0.012084271146374226,0,LKFN
20-07-2011,0.0034116018066829845,0,LKFN
21-07-2011,0.013903437333041113,1,LKFN
22-07-2011,-0.0016876801107371664,1,LKFN
25-07-2011,-0.006762132759913886,1,LKFN
26-07-2011,-0.004255645386438411,1,LKFN
27-07-2011,-0.01880349055616337,1,LKFN
28-07-2011,-0.002177513647966145,1,LKFN
29-07-2011,-0.015713670082883158,0,LKFN
01-08-2011,0.02838148731054857,1,LKFN
02-08-2011,-0.009487154946333787,0,LKFN
03-08-2011,0.019591138915040274,1,LKFN
04-08-2011,-0.029889346146995677,0,LKFN
05-08-2011,0.0057219457147228425,1,LKFN
08-08-2011,-0.08271343806698284,0,LKFN
09-08-2011,0.09064902476529846,1,LKFN
10-08-2011,-0.08880149736865339,0,LKFN
11-08-2011,0.03840632475047556,1,LKFN
12-08-2011,-0.037910346832937925,0,LKFN
15-08-2011,0.039404172686134276,1,LKFN
16-08-2011,-0.02404099330813847,0,LKFN
17-08-2011,0.005684657098409263,1,LKFN
18-08-2011,-0.04286387641453693,1,LKFN
19-08-2011,-0.016240064386257913,0,LKFN
22-08-2011,0.0030013516398170736,0,LKFN
23-08-2011,0.06184557120056322,0,LKFN
24-08-2011,0.015030548365009055,1,LKFN
25-08-2011,-0.035631805596269106,0,LKFN
26-08-2011,0.027351280795818056,0,LKFN
29-08-2011,0.014479257623013053,1,LKFN
30-08-2011,-0.0009208478896202132,0,LKFN
31-08-2011,0.0036869532453815967,1,LKFN
01-09-2011,-0.036731271777907915,1,LKFN
02-09-2011,-0.02907542032599697,1,LKFN
06-09-2011,-0.0019633973362978008,0,LKFN
07-09-2011,0.03295591780857743,1,LKFN
08-09-2011,-0.020475867174233553,1,LKFN
09-09-2011,-0.027224252708179297,0,LKFN
12-09-2011,0.034982309380055865,0,LKFN
13-09-2011,0.02993749527253531,0,LKFN
14-09-2011,0.016877307215770854,0,LKFN
15-09-2011,0.01936405704895683,1,LKFN
16-09-2011,-0.017186757931656138,1,LKFN
19-09-2011,-0.039116482799673946,1,LKFN
20-09-2011,-0.026819978139202005,1,LKFN
21-09-2011,-0.026082541138508386,0,LKFN
22-09-2011,0.005558177830978783,0,LKFN
23-09-2011,0.0005024876684636137,0,LKFN
26-09-2011,0.034655962004554786,0,LKFN
27-09-2011,0.02038839350474042,1,LKFN
28-09-2011,-0.029019661231183158,0,LKFN
29-09-2011,0.040176063356432756,1,LKFN
30-09-2011,-0.026848745531684592,1,LKFN
03-10-2011,-0.04307837514003299,0,LKFN
04-10-2011,0.06170961459088464,1,LKFN
05-10-2011,-0.0019054885930942511,0,LKFN
06-10-2011,0.02195681010542727,1,LKFN
07-10-2011,-0.027557032401475667,0,LKFN
10-10-2011,0.036503195648881714,0,LKFN
11-10-2011,0.016682207299638208,0,LKFN
12-10-2011,0.022333433781005718,1,LKFN
13-10-2011,-0.009807806793561191,0,LKFN
14-10-2011,0.014857754761203879,1,LKFN
17-10-2011,-0.031055804916726437,0,LKFN
18-10-2011,0.039377154674039794,1,LKFN
19-10-2011,-0.011453734594015663,0,LKFN
20-10-2011,0.002228134141397664,0,LKFN
21-10-2011,0.03693748487905846,0,LKFN
24-10-2011,0.004749488746607966,1,LKFN
25-10-2011,-0.0515685756672275,0,LKFN
26-10-2011,0.05980984195279504,0,LKFN
27-10-2011,0.036767931597632364,1,LKFN
28-10-2011,-0.001237415827721855,1,LKFN
31-10-2011,-0.013625174635131576,1,LKFN
01-11-2011,-0.044369838967670105,0,LKFN
02-11-2011,0.050810334862870565,0,LKFN
03-11-2011,0.027928471327539617,1,LKFN
04-11-2011,-0.026764268541039193,1,LKFN
07-11-2011,-0.009999977544792649,0,LKFN
08-11-2011,0.029040479933550634,1,LKFN
09-11-2011,-0.05194273803252358,0,LKFN
10-11-2011,0.02372726647807144,0,LKFN
11-11-2011,0.026970246178716017,1,LKFN
14-11-2011,-0.014772335749539067,0,LKFN
15-11-2011,0.024989716058466227,1,LKFN
16-11-2011,-0.010971058939531764,1,LKFN
17-11-2011,-0.006162799279662234,0,LKFN
18-11-2011,0.024803688245222277,1,LKFN
21-11-2011,-0.0363052872606342,1,LKFN
22-11-2011,-0.01925459458581502,1,LKFN
23-11-2011,-0.02731533927001717,1,LKFN
25-11-2011,-0.030276585794314248,0,LKFN
28-11-2011,0.046606191653557394,1,LKFN
29-11-2011,-0.012537558347616828,0,LKFN
30-11-2011,0.07355521430991674,0,LKFN
01-12-2011,0.007748179407153222,0,LKFN
02-12-2011,0.015378885506077244,0,LKFN
05-12-2011,0.00996398790637465,0,LKFN
06-12-2011,0.0011837632598250547,0,LKFN
07-12-2011,0.0023650812859059567,1,LKFN
08-12-2011,-0.02713309447045642,0,LKFN
09-12-2011,0.027485529374561724,1,LKFN
12-12-2011,-0.014948843820015711,1,LKFN
13-12-2011,-0.012379993772804965,0,LKFN
14-12-2011,0.008896074231145912,0,LKFN
15-12-2011,0.009218675558075207,1,LKFN
16-12-2011,-0.0007944752578673553,1,LKFN
19-12-2011,-0.011526123397371468,0,LKFN
20-12-2011,0.04020909213309909,1,LKFN
21-12-2011,-0.009277478290239727,0,LKFN
22-12-2011,0.004291844591110872,1,LKFN
23-12-2011,-0.002719330845289414,0,LKFN
27-12-2011,0.019088620007290613,1,LKFN
28-12-2011,-0.006881110844288663,0,LKFN
29-12-2011,0.01578163760731144,1,LKFN
30-12-2011,-0.019704350335866594,0,LKFN
03-01-2012,0.007730838414498731,1,LKFN
04-01-2012,-0.013808907481946076,0,LKFN
05-01-2012,0.011279341026223744,1,LKFN
06-01-2012,-0.01538451227667692,0,LKFN
09-01-2012,0.015624893644776705,0,LKFN
10-01-2012,0.006154247105540911,1,LKFN
11-01-2012,-0.002293863845542865,1,LKFN
12-01-2012,-0.0011492935643896418,1,LKFN
13-01-2012,-0.004987036104107112,0,LKFN
17-01-2012,0.0069396823541290065,0,LKFN
18-01-2012,0.01646237822094565,0,LKFN
19-01-2012,0.005272938204771815,0,LKFN
20-01-2012,0.014986649375121175,0,LKFN
23-01-2012,0.00018567615863074316,1,LKFN
24-01-2012,-0.0018560853909338482,1,LKFN
25-01-2012,-0.018966213088907558,1,LKFN
26-01-2012,-0.025776728212613564,0,LKFN
27-01-2012,0.0,1,LKFN
30-01-2012,-0.0015565809206977699,1,LKFN
31-01-2012,-0.012470808196188399,0,LKFN
01-02-2012,0.020520994102219525,0,LKFN
02-02-2012,0.006186972326049034,0,LKFN
03-02-2012,0.02651825197319546,1,LKFN
06-02-2012,-0.03332107132709383,1,LKFN
07-02-2012,-0.006196558522045925,0,LKFN
08-02-2012,0.0074044684081164824,1,LKFN
09-02-2012,-0.01237907809562977,1,LKFN
10-02-2012,-0.017626238446858733,0,LKFN
13-02-2012,0.020733587114965424,1,LKFN
14-02-2012,-0.014452997286325875,1,LKFN
15-02-2012,-0.017439587230112075,0,LKFN
16-02-2012,0.03912845401364806,0,LKFN
17-02-2012,0.0038821467635776763,1,LKFN
21-02-2012,-0.015467914301841024,1,LKFN
22-02-2012,-0.020423991019640098,0,LKFN
23-02-2012,0.040897827121205266,1,LKFN
24-02-2012,-0.02503827365468736,0,LKFN
27-02-2012,0.015408914415628416,0,LKFN
28-02-2012,0.005447372976929543,1,LKFN
29-02-2012,-0.023993971922380064,1,LKFN
01-03-2012,-0.005947373225786423,1,LKFN
02-03-2012,-0.02991620541397111,0,LKFN
05-03-2012,0.010690680818870701,1,LKFN
06-03-2012,-0.02603742969080125,0,LKFN
07-03-2012,0.02172089990315751,0,LKFN
08-03-2012,0.01390025813565443,0,LKFN
09-03-2012,0.022983779633776846,0,LKFN
12-03-2012,0.011430862159130806,0,LKFN
13-03-2012,0.01675740053556285,1,LKFN
14-03-2012,-0.009581958700425108,0,LKFN
15-03-2012,0.0061917608576838035,1,LKFN
16-03-2012,-0.005769158240387151,0,LKFN
19-03-2012,0.005029171057733706,1,LKFN
20-03-2012,-0.009622869825949176,0,LKFN
21-03-2012,0.005052486983856852,1,LKFN
22-03-2012,-0.01237422093022289,1,LKFN
23-03-2012,-0.001957828123461347,0,LKFN
26-03-2012,0.027069276721981783,1,LKFN
27-03-2012,-0.012604965478338892,0,LKFN
28-03-2012,0.006189642692200348,1,LKFN
29-03-2012,-0.009611840124641113,0,LKFN
30-03-2012,0.01048156744735107,0,LKFN
02-04-2012,0.01805611917980099,1,LKFN
03-04-2012,-0.01358502825468022,1,LKFN
04-04-2012,-0.02257080083630092,1,LKFN
05-04-2012,-0.0007827549787466914,1,LKFN
09-04-2012,-0.03603591502012071,1,LKFN
10-04-2012,-0.020723264668268015,0,LKFN
11-04-2012,0.02531090843345396,0,LKFN
12-04-2012,0.009712805419914483,1,LKFN
13-04-2012,-0.010821635023027243,0,LKFN
16-04-2012,0.009724321006953529,0,LKFN
17-04-2012,0.0124401102474605,1,LKFN
18-04-2012,-0.009908994751246625,1,LKFN
19-04-2012,-0.00120095985264701,0,LKFN
20-04-2012,0.013226228039806776,1,LKFN
23-04-2012,-0.014734936821352962,0,LKFN
24-04-2012,0.018593266478243997,0,LKFN
25-04-2012,0.01984121843672937,0,LKFN
26-04-2012,0.020233403350380597,0,LKFN
27-04-2012,0.006864830780933362,1,LKFN
30-04-2012,-0.013636119571631466,1,LKFN
01-05-2012,-0.01536118885597415,1,LKFN
02-05-2012,-0.0003897683490386994,1,LKFN
03-05-2012,-0.010144504487267891,1,LKFN
04-05-2012,-0.01931393229141176,0,LKFN
07-05-2012,0.02692915093834425,0,LKFN
08-05-2012,0.013307272990882524,1,LKFN
09-05-2012,-0.018926626379111466,0,LKFN
10-05-2012,0.011811360760231926,1,LKFN
11-05-2012,-0.02062239973005653,1,LKFN
14-05-2012,-0.013905644923685068,0,LKFN
15-05-2012,0.007252192051494966,0,LKFN
16-05-2012,0.018000224959346056,1,LKFN
17-05-2012,-0.004322316969353479,1,LKFN
18-05-2012,-0.003946277693606448,0,LKFN
21-05-2012,0.00832019197685474,0,LKFN
22-05-2012,0.013752446482711456,1,LKFN
23-05-2012,-0.003488497468499663,1,LKFN
24-05-2012,-0.0035005026693678554,1,LKFN
25-05-2012,-0.00975818343794932,0,LKFN
29-05-2012,0.009459868078210976,1,LKFN
30-05-2012,-0.010542515883325887,0,LKFN
31-05-2012,0.01381200693407858,1,LKFN
01-06-2012,-0.028026309846759134,0,LKFN
04-06-2012,0.005206214034759293,0,LKFN
05-06-2012,0.003984081767613112,0,LKFN
06-06-2012,0.003968131044352452,1,LKFN
07-06-2012,-0.0007905735915041401,0,LKFN
08-06-2012,0.01186721441916494,1,LKFN
11-06-2012,-0.020328044311844873,0,LKFN
12-06-2012,0.02154785115459812,1,LKFN
13-06-2012,-0.007031227206188095,0,LKFN
14-06-2012,0.005507541751141876,0,LKFN
15-06-2012,0.0070423688790874905,1,LKFN
18-06-2012,-0.008158503017256735,0,LKFN
19-06-2012,0.012925693195135368,0,LKFN
20-06-2012,0.0,1,LKFN
21-06-2012,-0.013534205363422203,0,LKFN
22-06-2012,0.020776134366866206,1,LKFN
25-06-2012,-0.019201315742857883,0,LKFN
26-06-2012,0.00548159499187606,0,LKFN
27-06-2012,0.009345740802483071,0,LKFN
28-06-2012,0.00848768025240787,0,LKFN
29-06-2012,0.02639642285966537,0,LKFN
02-07-2012,0.001863594016741077,0,LKFN
03-07-2012,0.01897319483876836,1,LKFN
05-07-2012,-0.010587698594242245,0,LKFN
06-07-2012,0.0,1,LKFN
09-07-2012,-0.0036903151910184784,1,LKFN
10-07-2012,-0.0033332571115574083,0,LKFN
11-07-2012,0.019695253566385018,0,LKFN
12-07-2012,0.0025512133829210804,0,LKFN
13-07-2012,0.010541384787791763,1,LKFN
16-07-2012,-0.010791226416069555,0,LKFN
17-07-2012,0.012727331024215305,0,LKFN
18-07-2012,0.006104016725846817,1,LKFN
19-07-2012,-0.021413058894443893,1,LKFN
20-07-2012,-0.021881869929835318,1,LKFN
23-07-2012,-0.011632438980150761,1,LKFN
24-07-2012,-0.0026575077119391777,1,LKFN
25-07-2012,-0.01560764463952391,1,LKFN
26-07-2012,-0.001159780505421093,0,LKFN
27-07-2012,0.013549759482265555,1,LKFN
30-07-2012,-0.0022912763224568478,1,LKFN
31-07-2012,-0.014548567260287193,1,LKFN
01-08-2012,-0.01787099823458349,0,LKFN
02-08-2012,0.019382920026434824,0,LKFN
03-08-2012,0.04734231967823477,1,LKFN
06-08-2012,-0.010004141040981906,0,LKFN
07-08-2012,0.004865410327047126,1,LKFN
08-08-2012,-0.007821616021283284,0,LKFN
09-08-2012,0.0018769673200298431,1,LKFN
10-08-2012,-0.002247758004884526,1,LKFN
13-08-2012,-0.016898579790842527,0,LKFN
14-08-2012,0.0026742218788033956,0,LKFN
15-08-2012,0.0007620351624124666,0,LKFN
16-08-2012,0.009516408021186029,0,LKFN
17-08-2012,0.015460383113105047,1,LKFN
20-08-2012,-0.00631298799185076,0,LKFN
21-08-2012,0.00859517007200683,1,LKFN
22-08-2012,-0.010004141040981906,1,LKFN
23-08-2012,-0.018712548232680648,0,LKFN
24-08-2012,0.0034325108184971587,0,LKFN
27-08-2012,0.0030406537687019952,0,LKFN
28-08-2012,0.0143993888496321,0,LKFN
29-08-2012,0.004482475816506959,1,LKFN
30-08-2012,-0.010040564001818297,1,LKFN
31-08-2012,-0.0022542638798650483,0,LKFN
04-09-2012,0.008659961650666181,0,LKFN
05-09-2012,0.003732387795091885,0,LKFN
06-09-2012,0.00855335712776939,1,LKFN
07-09-2012,-0.008849449950708355,0,LKFN
10-09-2012,0.001860667357260093,0,LKFN
11-09-2012,0.012996423307846339,1,LKFN
12-09-2012,-0.001099797921259582,0,LKFN
13-09-2012,0.02825696183156512,0,LKFN
14-09-2012,0.009635829612742342,1,LKFN
17-09-2012,-0.008130008853669324,0,LKFN
18-09-2012,0.010691383370493579,1,LKFN
19-09-2012,-0.013046694680080684,1,LKFN
20-09-2012,-0.011075612031612003,0,LKFN
21-09-2012,0.0,0,LKFN
24-09-2012,0.030347057982473613,1,LKFN
25-09-2012,-0.01928477045844401,1,LKFN
26-09-2012,-0.01036842099623847,0,LKFN
27-09-2012,0.012283687825823675,1,LKFN
28-09-2012,-0.014989152173327636,1,LKFN
01-10-2012,-0.007246721167814663,0,LKFN
02-10-2012,0.0029200150707135997,1,LKFN
03-10-2012,-0.00545928811267915,1,LKFN
04-10-2012,-0.009512666989313745,1,LKFN
05-10-2012,-0.0018473465403817668,0,LKFN
08-10-2012,0.0037008134116858216,1,LKFN
09-10-2012,-0.002211793711007215,0,LKFN
10-10-2012,0.0007390291564721707,0,LKFN
11-10-2012,0.005538820764923846,1,LKFN
12-10-2012,-0.0036723369584743537,0,LKFN
15-10-2012,0.0025801888824581454,1,LKFN
16-10-2012,-0.011764904892833994,0,LKFN
17-10-2012,0.006696920300726328,1,LKFN
18-10-2012,-0.027716590136149688,1,LKFN
19-10-2012,-0.013683075967699243,0,LKFN
22-10-2012,0.012716802273880834,0,LKFN
23-10-2012,0.007276920917954621,0,LKFN
24-10-2012,0.00038006420401193175,1,LKFN
25-10-2012,-0.001520211807124694,0,LKFN
26-10-2012,0.011419881183471592,0,LKFN
31-10-2012,0.004516006847444576,1,LKFN
01-11-2012,-0.01798386683454789,1,LKFN
02-11-2012,-0.010682950361385224,0,LKFN
05-11-2012,0.023910081127300975,0,LKFN
06-11-2012,0.0007536968749253248,1,LKFN
07-11-2012,-0.06511110485609162,0,LKFN
08-11-2012,0.0008051584859185557,1,LKFN
09-11-2012,-0.00040229059048646487,0,LKFN
12-11-2012,0.012877281591991974,1,LKFN
13-11-2012,-0.013110831731174333,1,LKFN
14-11-2012,-0.0390497987597358,1,LKFN
15-11-2012,-0.008378774309837134,0,LKFN
16-11-2012,0.022813620688315384,0,LKFN
19-11-2012,0.018174360042843007,1,LKFN
20-11-2012,-0.0016228001178357765,0,LKFN
21-11-2012,0.016253880600382242,0,LKFN
23-11-2012,0.005997465153565029,0,LKFN
26-11-2012,0.0031793930333199327,1,LKFN
27-11-2012,-0.022979210277268014,1,LKFN
28-11-2012,-0.007299390349054136,0,LKFN
29-11-2012,0.020424905342869115,1,LKFN
30-11-2012,-0.00960768137726542,0,LKFN
03-12-2012,0.004041993862461846,0,LKFN
04-12-2012,0.009259216822432359,1,LKFN
05-12-2012,-0.0035898680543242634,1,LKFN
06-12-2012,-0.004003299903788005,1,LKFN
07-12-2012,-0.013665548338917755,0,LKFN
10-12-2012,0.01752263950575461,1,LKFN
11-12-2012,-0.006408012273957042,1,LKFN
12-12-2012,-0.025392916188586745,0,LKFN
13-12-2012,0.0024814066534177837,0,LKFN
14-12-2012,0.012463679754515455,0,LKFN
17-12-2012,0.031185692324282366,0,LKFN
18-12-2012,0.040986952364447715,1,LKFN
19-12-2012,-0.002293663830124748,1,LKFN
20-12-2012,-0.00613016500302499,0,LKFN
21-12-2012,0.005782389230879925,1,LKFN
24-12-2012,-0.0007664727308893671,1,LKFN
26-12-2012,-0.0049864947155671135,1,LKFN
27-12-2012,-0.0007713070557029411,1,LKFN
28-12-2012,-0.005401236949487798,0,LKFN
31-12-2012,0.0023274058771469708,0,LKFN
02-01-2013,0.034829889940662495,1,LKFN
03-01-2013,-0.01009728634088114,0,LKFN
04-01-2013,0.0170004910747783,1,LKFN
07-01-2013,-0.0026002007956884565,1,LKFN
08-01-2013,-0.008193650893794313,0,LKFN
09-01-2013,0.007134489113472808,1,LKFN
10-01-2013,-0.019388273811696943,1,LKFN
11-01-2013,-0.0334602703595982,0,LKFN
14-01-2013,0.008654517838388776,0,LKFN
15-01-2013,0.0007799249568116728,1,LKFN
16-01-2013,-0.0035068593871385723,0,LKFN
17-01-2013,0.00743031554048823,1,LKFN
18-01-2013,-0.012422218927472417,1,LKFN
22-01-2013,-0.0051103223507196205,1,LKFN
23-01-2013,-0.007506647219189921,0,LKFN
24-01-2013,0.004776833251866286,1,LKFN
25-01-2013,-0.017432406676362255,1,LKFN
28-01-2013,-0.0040322685272878855,0,LKFN
29-01-2013,0.003643579281154663,1,LKFN
30-01-2013,-0.03348137660953654,0,LKFN
31-01-2013,0.020033490410214405,0,LKFN
01-02-2013,0.012275064486874543,1,LKFN
04-02-2013,-0.00040400796711870246,0,LKFN
05-02-2013,0.0040434707389012114,1,LKFN
06-02-2013,-0.0020136985293885967,1,LKFN
07-02-2013,-0.002825034815495786,1,LKFN
08-02-2013,-0.0032377479418752575,0,LKFN
11-02-2013,0.002436428245903066,1,LKFN
12-02-2013,-0.003645196206482515,0,LKFN
13-02-2013,0.0036585322744506765,1,LKFN
14-02-2013,-0.0032402291934372496,0,LKFN
15-02-2013,0.014221970698828024,0,LKFN
19-02-2013,0.003605555754141676,1,LKFN
20-02-2013,-0.022355019798367293,0,LKFN
21-02-2013,0.006533167855294453,0,LKFN
22-02-2013,0.008924930885496174,1,LKFN
25-02-2013,-0.014877500347209915,0,LKFN
26-02-2013,0.006530786961284063,1,LKFN
27-02-2013,-0.0004055301905236952,0,LKFN
28-02-2013,0.002839580761434757,1,LKFN
01-03-2013,-0.00040454597102113077,1,LKFN
04-03-2013,-0.003642246483688605,0,LKFN
05-03-2013,0.03290011908052626,0,LKFN
06-03-2013,0.006292154810999984,0,LKFN
07-03-2013,0.0007811086564075698,0,LKFN
08-03-2013,0.0011713936555679538,1,LKFN
11-03-2013,-0.005070054870142338,1,LKFN
12-03-2013,-0.00039181333077531466,0,LKFN
13-03-2013,0.006274062280383852,0,LKFN
14-03-2013,0.014029674238925649,0,LKFN
15-03-2013,0.02075344889874864,1,LKFN
18-03-2013,-0.006400777504340427,0,LKFN
19-03-2013,0.0015162442168763501,1,LKFN
20-03-2013,-0.005297208259380848,0,LKFN
21-03-2013,0.00038038700772635714,0,LKFN
22-03-2013,0.006083414991759684,0,LKFN
25-03-2013,0.004535581115908016,0,LKFN
26-03-2013,0.012038855635741585,1,LKFN
27-03-2013,-0.004832765670217509,1,LKFN
28-03-2013,-0.0029886620289846233,1,LKFN
01-04-2013,-0.008991820108861015,1,LKFN
02-04-2013,-0.007939477307606801,1,LKFN
03-04-2013,-0.012576160228693567,0,LKFN
04-04-2013,0.008490710608682894,1,LKFN
05-04-2013,-0.005740344650974283,0,LKFN
08-04-2013,0.006543204314436446,1,LKFN
09-04-2013,-0.0015293618520688668,0,LKFN
10-04-2013,0.018766725852159105,1,LKFN
11-04-2013,-0.010526514004087772,0,LKFN
12-04-2013,0.0015199462382289308,1,LKFN
15-04-2013,-0.017450809003068835,1,LKFN
16-04-2013,-0.0030885834887867114,1,LKFN
17-04-2013,-0.009295198116387904,1,LKFN
18-04-2013,-0.007036875093869299,0,LKFN
19-04-2013,0.015354360119391064,1,LKFN
22-04-2013,-0.0077546281388387595,0,LKFN
23-04-2013,0.008661586322735282,0,LKFN
24-04-2013,0.0031223330058205434,0,LKFN
25-04-2013,0.034630496688997425,1,LKFN
26-04-2013,-0.006017251393003575,0,LKFN
29-04-2013,0.009458757408871143,0,LKFN
30-04-2013,0.004497974433036234,1,LKFN
01-05-2013,-0.016418163679340347,0,LKFN
02-05-2013,0.016692219267444575,0,LKFN
03-05-2013,0.011193649138121486,0,LKFN
06-05-2013,0.012915331770464,0,LKFN
07-05-2013,0.009471723090516582,1,LKFN
08-05-2013,-0.007939402823490038,1,LKFN
09-05-2013,-0.0036376264216001486,0,LKFN
10-05-2013,0.004015953645133852,1,LKFN
13-05-2013,-0.0025452306366521293,0,LKFN
14-05-2013,0.01312433679275693,0,LKFN
15-05-2013,0.0021591879132687453,1,LKFN
16-05-2013,-0.00538655661109777,0,LKFN
17-05-2013,0.013357625931382344,0,LKFN
20-05-2013,0.0003562648024704185,0,LKFN
21-05-2013,0.007834665443678501,1,LKFN
22-05-2013,-0.016254565040890956,1,LKFN
23-05-2013,-0.0035916475947778137,1,LKFN
24-05-2013,-0.0003604407333874793,0,LKFN
28-05-2013,0.010457982059117743,1,LKFN
29-05-2013,-0.007851872433795926,0,LKFN
30-05-2013,0.01510832609702173,1,LKFN
31-05-2013,-0.022678952182357937,0,LKFN
03-06-2013,0.019216810055097566,0,LKFN
04-06-2013,0.002490181656322976,1,LKFN
05-06-2013,-0.015968782352472677,0,LKFN
06-06-2013,0.0025239948842785687,0,LKFN
07-06-2013,0.008273550965824272,0,LKFN
10-06-2013,0.00963250756518752,1,LKFN
11-06-2013,-0.01166094594174194,1,LKFN
12-06-2013,-0.01430068116262695,0,LKFN
13-06-2013,0.030830445604301815,1,LKFN
14-06-2013,-0.029204663707811496,0,LKFN
17-06-2013,0.005436756256474551,0,LKFN
18-06-2013,0.012617354823035498,1,LKFN
19-06-2013,-0.012104314125022664,0,LKFN
20-06-2013,0.00036062194937902525,0,LKFN
21-06-2013,0.00828515839662991,1,LKFN
24-06-2013,-0.0032154241680124596,0,LKFN
25-06-2013,0.017562539057907722,1,LKFN
26-06-2013,-0.010566685216551908,0,LKFN
27-06-2013,0.0014236754536189888,1,LKFN
28-06-2013,-0.013508757492191048,0,LKFN
01-07-2013,0.018738966567104054,0,LKFN
02-07-2013,0.00424450430761425,0,LKFN
03-07-2013,0.0021137991689521574,0,LKFN
05-07-2013,0.028822110873166773,0,LKFN
08-07-2013,0.006149859249294121,0,LKFN
09-07-2013,0.000339277449233899,0,LKFN
10-07-2013,0.006110548184379727,0,LKFN
11-07-2013,0.006747408189657023,0,LKFN
12-07-2013,0.01943710247496999,0,LKFN
15-07-2013,0.004273483902336617,0,LKFN
16-07-2013,0.00490987339431781,0,LKFN
17-07-2013,0.0003256881342681428,0,LKFN
18-07-2013,0.011071140362533871,0,LKFN
19-07-2013,0.007729631145982463,0,LKFN
22-07-2013,0.0022371601626820503,1,LKFN
23-07-2013,-0.0012831516626915507,1,LKFN
24-07-2013,-0.0044976276667597626,0,LKFN
25-07-2013,0.028073951274155462,0,LKFN
26-07-2013,0.022598992371427817,1,LKFN
29-07-2013,-0.014119251046030401,1,LKFN
30-07-2013,-0.017123293525385885,1,LKFN
31-07-2013,-0.0006332837916850353,0,LKFN
01-08-2013,0.01553050569397496,1,LKFN
02-08-2013,-0.0056177681316569306,0,LKFN
05-08-2013,0.010985467206294564,0,LKFN
06-08-2013,0.0003103503603067992,1,LKFN
07-08-2013,-0.016449323730261534,0,LKFN
08-08-2013,0.0037867224855123727,1,LKFN
09-08-2013,-0.009116462796037506,0,LKFN
12-08-2013,0.012055614431114359,0,LKFN
13-08-2013,0.007523480958666395,0,LKFN
14-08-2013,0.0009333992613738129,0,LKFN
15-08-2013,0.0018652710237945236,1,LKFN
16-08-2013,-0.0021720624851269132,1,LKFN
19-08-2013,-0.00621868529316516,0,LKFN
20-08-2013,0.02471826361308893,1,LKFN
21-08-2013,-0.018931369698303113,0,LKFN
22-08-2013,0.025521387551422636,1,LKFN
23-08-2013,-0.00030338042655730924,1,LKFN
26-08-2013,-0.017304391245948847,1,LKFN
27-08-2013,-0.03861582840283728,0,LKFN
28-08-2013,0.003855970120862917,0,LKFN
29-08-2013,0.006081724804177124,1,LKFN
30-08-2013,-0.010499223266456026,0,LKFN
03-09-2013,0.010610626604170337,0,LKFN
04-09-2013,0.010818039958649939,0,LKFN
05-09-2013,0.008813075120634117,0,LKFN
06-09-2013,0.008112498045942385,0,LKFN
09-09-2013,0.009903978701916172,0,LKFN
10-09-2013,0.008581218851737127,1,LKFN
11-09-2013,-0.006077068025310606,1,LKFN
12-09-2013,-0.01864869971488281,0,LKFN
13-09-2013,0.012461041206040413,0,LKFN
16-09-2013,0.0215385892200306,0,LKFN
17-09-2013,0.017770751864070178,1,LKFN
18-09-2013,-0.0056230651290645195,1,LKFN
19-09-2013,-0.011904340000974178,0,LKFN
20-09-2013,0.01716804340741218,0,LKFN
23-09-2013,0.007403394617242931,0,LKFN
24-09-2013,0.004115150372553389,1,LKFN
25-09-2013,-0.014051665759698184,1,LKFN
26-09-2013,-0.0237529434671917,1,LKFN
27-09-2013,-0.012469358623425575,0,LKFN
30-09-2013,0.005543370471974285,0,LKFN
01-10-2013,0.005512916022729408,1,LKFN
02-10-2013,-0.0018275634703051047,1,LKFN
03-10-2013,-0.005797670878610384,1,LKFN
04-10-2013,-0.002455448648133962,1,LKFN
07-10-2013,-0.007692587097267389,1,LKFN
08-10-2013,-0.005581506012776183,0,LKFN
09-10-2013,0.004989316632582064,0,LKFN
10-10-2013,0.0254420919091205,0,LKFN
11-10-2013,0.02723117467056979,0,LKFN
14-10-2013,0.010309496140231245,1,LKFN
15-10-2013,-0.0034984782200021547,0,LKFN
16-10-2013,0.0011702535130948544,0,LKFN
17-10-2013,0.00584442810295438,0,LKFN
18-10-2013,0.0075537097024569455,0,LKFN
21-10-2013,0.002306960978181616,0,LKFN
22-10-2013,0.017261396450872546,1,LKFN
23-10-2013,-0.007676947854226901,0,LKFN
24-10-2013,0.006017218010265335,0,LKFN
25-10-2013,0.0022785166252095035,0,LKFN
28-10-2013,0.019891842398924053,0,LKFN
29-10-2013,0.006965832461486743,1,LKFN
30-10-2013,-0.0030434579348780355,1,LKFN
31-10-2013,-0.012212226910419233,1,LKFN
01-11-2013,-0.016297171220469253,0,LKFN
04-11-2013,0.010283006672182404,0,LKFN
05-11-2013,0.011026481640045382,0,LKFN
06-11-2013,0.005872413477468141,1,LKFN
07-11-2013,-0.012510440312158977,0,LKFN
08-11-2013,0.027026886783886095,1,LKFN
11-11-2013,-0.008771698377304515,1,LKFN
12-11-2013,-0.007743522483409482,0,LKFN
13-11-2013,0.0033445239199860755,0,LKFN
14-11-2013,0.0,1,LKFN
15-11-2013,-0.005277765320627736,0,LKFN
18-11-2013,0.002792614778240443,0,LKFN
19-11-2013,0.001392181277267257,0,LKFN
20-11-2013,0.005283921186057139,0,LKFN
21-11-2013,0.015214305892732316,0,LKFN
22-11-2013,0.011989002594222642,0,LKFN
25-11-2013,0.01373204436543407,0,LKFN
26-11-2013,0.0037181731036493026,0,LKFN
27-11-2013,0.010849463045422114,0,LKFN
29-11-2013,0.003926795833600671,1,LKFN
02-12-2013,-0.01981751139441268,1,LKFN
03-12-2013,-0.017557991138738793,1,LKFN
04-12-2013,-0.0018953325760135975,0,LKFN
05-12-2013,0.003255695081964216,0,LKFN
06-12-2013,0.016765597026283663,1,LKFN
09-12-2013,-0.008244618707603624,1,LKFN
10-12-2013,-0.019576189420964174,1,LKFN
11-12-2013,-0.014496509632737742,0,LKFN
12-12-2013,0.012211847981159707,1,LKFN
13-12-2013,-0.004112974029218064,0,LKFN
16-12-2013,0.023403109212630113,1,LKFN
17-12-2013,-0.007264242467095006,0,LKFN
18-12-2013,0.010840308439214352,0,LKFN
19-12-2013,0.003485222234961949,0,LKFN
20-12-2013,0.027518030812417882,0,LKFN
23-12-2013,0.009100552653679372,0,LKFN
24-12-2013,0.004895457050332341,1,LKFN
26-12-2013,-0.0012820528528894037,0,LKFN
27-12-2013,0.003851183497572075,1,LKFN
30-12-2013,-0.002557634953675225,0,LKFN
31-12-2013,0.0,1,LKFN
02-01-2014,-0.013846153307580877,0,LKFN
03-01-2014,0.006500090477482567,1,LKFN
06-01-2014,-0.01653293643375886,0,LKFN
07-01-2014,0.0028895250882754464,1,LKFN
08-01-2014,-0.016762880985234485,0,LKFN
09-01-2014,0.006925972154636861,1,LKFN
10-01-2014,-0.009788407397050114,1,LKFN
13-01-2014,-0.008549338934043638,1,LKFN
14-01-2014,-0.002425115019819568,0,LKFN
15-01-2014,0.008373603542727093,0,LKFN
16-01-2014,0.0018752980727312352,1,LKFN
17-01-2014,-0.0005343402353725768,0,LKFN
21-01-2014,0.011770627132168698,0,LKFN
22-01-2014,0.0013290025982606313,1,LKFN
23-01-2014,-0.024150859253213253,1,LKFN
24-01-2014,-0.015501894893600321,0,LKFN
27-01-2014,0.013812579190563223,0,LKFN
28-01-2014,0.034876957221147586,1,LKFN
29-01-2014,-0.02185370281764709,0,LKFN
30-01-2014,0.014805265016501812,1,LKFN
31-01-2014,-0.028382036888937034,1,LKFN
03-02-2014,-0.027846009014991013,0,LKFN
04-02-2014,0.011794173504718897,1,LKFN
05-02-2014,-0.0038857212445319034,0,LKFN
06-02-2014,0.013374455710285948,1,LKFN
07-02-2014,-0.005498962880903346,1,LKFN
10-02-2014,-0.005253139663809914,0,LKFN
11-02-2014,0.014174722788913963,0,LKFN
12-02-2014,0.0035625571787680776,0,LKFN
13-02-2014,0.010103691066632114,0,LKFN
14-02-2014,0.011084151560984301,0,LKFN
18-02-2014,0.010962367586638377,1,LKFN
19-02-2014,-0.03411795381736893,0,LKFN
20-02-2014,0.01314364130251322,0,LKFN
21-02-2014,0.0056758234501146365,0,LKFN
24-02-2014,0.015318037960098119,1,LKFN
25-02-2014,-0.0063521952764750145,0,LKFN
26-02-2014,0.014650815741498624,1,LKFN
27-02-2014,-0.0036754826299923993,0,LKFN
28-02-2014,0.0013174381671199331,1,LKFN
03-03-2014,-0.008420796751222537,0,LKFN
04-03-2014,0.040074208559797375,1,LKFN
05-03-2014,-0.0020414480329377094,0,LKFN
06-03-2014,0.012273136574365573,0,LKFN
07-03-2014,0.007830235834364707,0,LKFN
10-03-2014,0.007769399603180238,1,LKFN
11-03-2014,-0.009201537643594437,0,LKFN
12-03-2014,0.0037650728861133853,1,LKFN
13-03-2014,-0.005501631534716167,0,LKFN
14-03-2014,0.0040233524544190935,0,LKFN
17-03-2014,0.00601067483330997,1,LKFN
18-03-2014,-0.00024914570162370975,1,LKFN
19-03-2014,-0.004980012216001861,0,LKFN
20-03-2014,0.01726720639859569,1,LKFN
21-03-2014,-0.003444012819640796,0,LKFN
24-03-2014,0.005183872552989133,0,LKFN
25-03-2014,0.006385290862583881,1,LKFN
26-03-2014,-0.02269408661621697,1,LKFN
27-03-2014,-0.014731345931225492,1,LKFN
28-03-2014,-0.002534563877722662,0,LKFN
31-03-2014,0.021849530099726344,0,LKFN
01-04-2014,0.0174045903366844,1,LKFN
02-04-2014,-0.00537659351006059,1,LKFN
03-04-2014,-0.0024567605389003155,1,LKFN
04-04-2014,-0.030788358849214825,1,LKFN
07-04-2014,-0.0068615051986880005,0,LKFN
08-04-2014,0.0033263645194272495,1,LKFN
09-04-2014,-0.007906035613494011,1,LKFN
10-04-2014,-0.030591241573693417,1,LKFN
11-04-2014,-0.01087270057976164,0,LKFN
14-04-2014,0.004825864096805965,0,LKFN
15-04-2014,0.006136736496089812,0,LKFN
16-04-2014,0.0037126096975976797,0,LKFN
17-04-2014,0.0060765666236648475,0,LKFN
21-04-2014,0.001050298854035292,1,LKFN
22-04-2014,-0.0026232149309703967,1,LKFN
23-04-2014,-0.008199042976040793,1,LKFN
24-04-2014,-0.009333419792246223,1,LKFN
25-04-2014,-0.01049763516160973,1,LKFN
28-04-2014,-0.007617117033105747,1,LKFN
29-04-2014,-0.0027412795878359875,0,LKFN
30-04-2014,0.006047299853368715,1,LKFN
01-05-2014,-0.00519126227639688,0,LKFN
02-05-2014,0.007415499297918293,1,LKFN
05-05-2014,-0.010905055022478627,1,LKFN
06-05-2014,-0.01267893504430051,0,LKFN
07-05-2014,0.027079686652168755,1,LKFN
08-05-2014,-0.01032899535173637,0,LKFN
09-05-2014,0.018950916249427907,0,LKFN
12-05-2014,0.016442083752689074,1,LKFN
13-05-2014,-0.021479846981681927,1,LKFN
14-05-2014,-0.02872600514521295,1,LKFN
15-05-2014,-0.001116280612554088,0,LKFN
16-05-2014,0.003631353087272693,0,LKFN
19-05-2014,0.012802723346913236,1,LKFN
20-05-2014,-0.01978574606598793,1,LKFN
21-05-2014,-0.000560705773479997,0,LKFN
22-05-2014,0.004207557821236385,0,LKFN
23-05-2014,0.014525223673067522,0,LKFN
27-05-2014,0.01899750152290025,1,LKFN
28-05-2014,-0.020534559029454225,0,LKFN
29-05-2014,0.0024825251508697743,1,LKFN
30-05-2014,-0.004402665707069597,1,LKFN
02-06-2014,-0.001105603732542093,1,LKFN
03-06-2014,-0.008854432659820222,0,LKFN
04-06-2014,0.00530430351198663,0,LKFN
05-06-2014,0.029991475623180497,0,LKFN
06-06-2014,0.014828799807105053,0,LKFN
09-06-2014,0.008501574024932346,1,LKFN
10-06-2014,-0.008429906550371014,1,LKFN
11-06-2014,-0.011158282260332997,1,LKFN
12-06-2014,-0.0008060333360071503,0,LKFN
13-06-2014,0.011562191778184738,1,LKFN
16-06-2014,-0.0045187781783996295,0,LKFN
17-06-2014,0.017356438577591282,1,LKFN
18-06-2014,-0.00026264938682507566,0,LKFN
19-06-2014,0.004463109301844792,0,LKFN
20-06-2014,0.0005230138449929811,1,LKFN
23-06-2014,-0.007053334612025619,1,LKFN
24-06-2014,-0.007892718243491026,0,LKFN
25-06-2014,0.01193330802969994,0,LKFN
26-06-2014,0.002358357393057231,0,LKFN
27-06-2014,0.0,1,LKFN
30-06-2014,-0.0023528086294315464,0,LKFN
01-07-2014,0.03197044756130807,1,LKFN
02-07-2014,-0.015490215904548466,0,LKFN
03-07-2014,0.020634727054474222,1,LKFN
07-07-2014,-0.016426636787329585,1,LKFN
08-07-2014,-0.0136176722032878,1,LKFN
09-07-2014,-0.002084003031213033,1,LKFN
10-07-2014,-0.018532928950523497,1,LKFN
11-07-2014,-0.003989256949806896,0,LKFN
14-07-2014,0.00453929022400934,1,LKFN
15-07-2014,-0.003987584963308866,1,LKFN
16-07-2014,-0.009874214204948273,1,LKFN
17-07-2014,-0.028302053398857052,0,LKFN
18-07-2014,0.021081761326817494,1,LKFN
21-07-2014,-0.010051440312227489,1,LKFN
22-07-2014,-0.005762635614528389,1,LKFN
23-07-2014,-0.0005555812423840845,0,LKFN
24-07-2014,0.0036112336059059835,0,LKFN
25-07-2014,0.010240735773905829,1,LKFN
28-07-2014,-0.006849207323888495,0,LKFN
29-07-2014,0.009103648656572094,0,LKFN
30-07-2014,0.004100407149290275,1,LKFN
31-07-2014,-0.009256642887734756,1,LKFN
01-08-2014,-0.0065949435567354,0,LKFN
04-08-2014,0.0019361478951345212,0,LKFN
05-08-2014,0.0005520499175493132,0,LKFN
06-08-2014,0.013520957010839219,1,LKFN
07-08-2014,-0.002722563535548006,0,LKFN
08-08-2014,0.018290845694719504,0,LKFN
11-08-2014,0.011528340236774515,1,LKFN
12-08-2014,-0.005830942967983033,0,LKFN
13-08-2014,0.004265322025144069,1,LKFN
14-08-2014,-0.002389003417802682,0,LKFN
15-08-2014,0.0,0,LKFN
18-08-2014,0.01623207150899808,0,LKFN
19-08-2014,0.0007855792444597665,1,LKFN
20-08-2014,-0.004971224773577587,0,LKFN
21-08-2014,0.02682083064265095,1,LKFN
22-08-2014,-0.0058899054832639575,0,LKFN
25-08-2014,0.0018034149673409328,0,LKFN
26-08-2014,0.0028284662158446494,1,LKFN
27-08-2014,-0.002820488559242662,1,LKFN
28-08-2014,-0.002314231027152003,0,LKFN
29-08-2014,0.0036079960572699132,0,LKFN
02-09-2014,0.01309719804120646,1,LKFN
03-09-2014,-0.005323334434417459,0,LKFN
04-09-2014,0.008664625619187571,0,LKFN
05-09-2014,0.003031878369920138,1,LKFN
08-09-2014,-0.004030200581368382,1,LKFN
09-09-2014,-0.007840041848430346,0,LKFN
10-09-2014,0.009431500319210695,0,LKFN
11-09-2014,0.0047982397381654,1,LKFN
12-09-2014,-0.004021336526054298,1,LKFN
15-09-2014,-0.008074552843496341,1,LKFN
16-09-2014,-0.002798502203832265,0,LKFN
17-09-2014,0.0007654242712644699,0,LKFN
18-09-2014,0.013764959442400526,1,LKFN
19-09-2014,-0.011063690390254344,1,LKFN
22-09-2014,-0.0002542411661012878,1,LKFN
23-09-2014,-0.009155778113474344,1,LKFN
24-09-2014,-0.004106491260563061,1,LKFN
25-09-2014,-0.020360877491087503,0,LKFN
26-09-2014,0.006051059675273418,1,LKFN
29-09-2014,-0.006276328261477393,1,LKFN
30-09-2014,-0.013157776146826783,1,LKFN
01-10-2014,-0.0016000677633621896,0,LKFN
02-10-2014,0.016292858188942994,0,LKFN
03-10-2014,0.009198223909311132,1,LKFN
06-10-2014,-0.010676954130500405,1,LKFN
07-10-2014,-0.012898117756177219,0,LKFN
08-10-2014,0.01813314623195672,1,LKFN
09-10-2014,-0.019381761676604214,0,LKFN
10-10-2014,0.000534150905881825,0,LKFN
13-10-2014,0.0312332074530024,0,LKFN
14-10-2014,0.019415006520749678,1,LKFN
15-10-2014,-0.013204693857818306,1,LKFN
16-10-2014,-0.022902607559755372,1,LKFN
17-10-2014,-0.004740520462402142,0,LKFN
20-10-2014,0.012701688947097,0,LKFN
21-10-2014,0.012281096420491577,1,LKFN
22-10-2014,-0.010900472742404466,0,LKFN
23-10-2014,0.02099185335049447,1,LKFN
24-10-2014,-0.0015423088268728957,0,LKFN
27-10-2014,0.005405559667759796,0,LKFN
28-10-2014,0.023809711089288532,0,LKFN
29-10-2014,0.015003553723777152,0,LKFN
30-10-2014,0.008622784109855619,0,LKFN
31-10-2014,0.012213244679601498,1,LKFN
03-11-2014,-0.005309148867225555,1,LKFN
04-11-2014,-0.006792796220326247,0,LKFN
05-11-2014,0.007572007773406941,0,LKFN
06-11-2014,0.017454822714172646,1,LKFN
07-11-2014,-0.008815959563520992,0,LKFN
10-11-2014,0.003365533513806751,1,LKFN
11-11-2014,-0.0057499965996710145,0,LKFN
12-11-2014,0.0009638750448424105,1,LKFN
13-11-2014,-0.01203651448279175,1,LKFN
14-11-2014,-0.007310171004914157,1,LKFN
17-11-2014,-0.010800007836487713,0,LKFN
18-11-2014,0.012654970876537996,1,LKFN
19-11-2014,-0.012741826001888001,0,LKFN
20-11-2014,0.004715781614237136,1,LKFN
21-11-2014,-0.015069269536995833,0,LKFN
24-11-2014,0.02056667538890755,0,LKFN
25-11-2014,0.0014746761629857996,1,LKFN
26-11-2014,-0.012024253057078216,1,LKFN
28-11-2014,-0.016642122085196,1,LKFN
01-12-2014,-0.013387197602898415,0,LKFN
02-12-2014,0.01740912792941507,0,LKFN
03-12-2014,0.011575391389843537,1,LKFN
04-12-2014,-0.0012438478420114807,0,LKFN
05-12-2014,0.015442073488981745,0,LKFN
08-12-2014,0.0002454881618516591,0,LKFN
09-12-2014,0.021088784386624537,1,LKFN
10-12-2014,-0.01320867919864599,0,LKFN
11-12-2014,0.007057618770902829,1,LKFN
12-12-2014,-0.010874758332427015,0,LKFN
15-12-2014,0.003420706792679251,0,LKFN
16-12-2014,0.008035101824955593,0,LKFN
17-12-2014,0.009178363667734946,0,LKFN
18-12-2014,0.013403736701952385,1,LKFN
19-12-2014,-0.021020304049641392,0,LKFN
22-12-2014,0.007478759785628952,0,LKFN
23-12-2014,0.009099722450068404,0,LKFN
24-12-2014,0.00735630281948807,0,LKFN
26-12-2014,0.0021201452901347118,0,LKFN
29-12-2014,0.021391871768565274,0,LKFN
30-12-2014,0.0018410033479774324,1,LKFN
31-12-2014,-0.001378387827102423,1,LKFN
02-01-2015,-0.015413050769826686,1,LKFN
05-01-2015,-0.015186486287624978,1,LKFN
06-01-2015,-0.028707377310767557,1,LKFN
07-01-2015,-0.00610658155421151,0,LKFN
08-01-2015,0.014745858833899561,1,LKFN
09-01-2015,-0.019132825446441903,1,LKFN
12-01-2015,-0.007654269477253339,0,LKFN
13-01-2015,0.010450322082406593,1,LKFN
14-01-2015,-0.012558613317518064,1,LKFN
15-01-2015,-0.004987465960386461,0,LKFN
16-01-2015,0.01929809246261205,1,LKFN
20-01-2015,-0.005655266384708035,0,LKFN
21-01-2015,8.257971750857962e-08,0,LKFN
22-01-2015,0.03479958564804275,1,LKFN
23-01-2015,-0.015613301435696725,1,LKFN
26-01-2015,-0.01708158938406623,1,LKFN
27-01-2015,-0.02904690255640552,1,LKFN
28-01-2015,-0.035796239027921506,0,LKFN
29-01-2015,0.03871649792198473,1,LKFN
30-01-2015,-0.036507782361055896,0,LKFN
02-02-2015,0.029412054680976185,0,LKFN
03-02-2015,0.012612574709535807,1,LKFN
04-02-2015,-0.001016753118831204,0,LKFN
05-02-2015,0.02061062881712794,0,LKFN
06-02-2015,0.006482271633545089,1,LKFN
09-02-2015,-0.017835102941542003,0,LKFN
10-02-2015,0.0015132056096189839,1,LKFN
11-02-2015,-0.01158413277081849,0,LKFN
12-02-2015,0.010955414789069362,1,LKFN
13-02-2015,-0.000755863467681861,0,LKFN
17-02-2015,0.002522009349365195,1,LKFN
18-02-2015,-0.012578741980378116,0,LKFN
19-02-2015,0.0015287963805226124,1,LKFN
20-02-2015,-0.003306885181893926,0,LKFN
23-02-2015,0.004083620611294858,0,LKFN
24-02-2015,0.009150946965346574,1,LKFN
25-02-2015,-0.0068010167048006,0,LKFN
26-02-2015,0.001014600917741193,1,LKFN
27-02-2015,-0.010894431899405643,0,LKFN
02-03-2015,0.008196615289149722,1,LKFN
03-03-2015,-0.005081351679048218,1,LKFN
04-03-2015,-0.0045962509394539275,0,LKFN
05-03-2015,0.0056438729065377835,0,LKFN
06-03-2015,0.0005099378989372738,0,LKFN
09-03-2015,0.009944269163515651,1,LKFN
10-03-2015,-0.006816635899517642,0,LKFN
11-03-2015,0.0063549603364945195,0,LKFN
12-03-2015,0.041424723222181825,0,LKFN
13-03-2015,0.0029103530052967397,1,LKFN
16-03-2015,-0.002660235801771771,0,LKFN
17-03-2015,0.0043645925051134515,1,LKFN
18-03-2015,-0.004104201974540644,1,LKFN
19-03-2015,-0.0053335309192416025,0,LKFN
20-03-2015,0.018766807262259766,1,LKFN
23-03-2015,-0.015789345682737155,0,LKFN
24-03-2015,0.0002431475159263563,1,LKFN
25-03-2015,-0.019198090815440105,0,LKFN
26-03-2015,0.003964146121987033,1,LKFN
27-03-2015,-0.0019744518297131197,0,LKFN
30-03-2015,0.01335346468550469,1,LKFN
31-03-2015,-0.009761116680957804,1,LKFN
01-04-2015,-0.0007392633056957365,0,LKFN
02-04-2015,0.006411934359580318,1,LKFN
06-04-2015,-0.008331260192040224,1,LKFN
07-04-2015,-0.007660144836285521,0,LKFN
08-04-2015,0.002738732210276984,1,LKFN
09-04-2015,-0.0024826039118606147,0,LKFN
10-04-2015,0.0,0,LKFN
13-04-2015,0.010206299424370568,1,LKFN
14-04-2015,-0.006653779088639844,0,LKFN
15-04-2015,0.00818686113291478,0,LKFN
16-04-2015,0.0029526873542253806,1,LKFN
17-04-2015,-0.02183495307376837,0,LKFN
20-04-2015,0.010784883115368071,0,LKFN
21-04-2015,0.0007444820656157258,0,LKFN
22-04-2015,0.004864570630428666,1,LKFN
23-04-2015,-0.006454722180277761,0,LKFN
24-04-2015,0.0004995904678304353,0,LKFN
27-04-2015,0.0037461708255874804,0,LKFN
28-04-2015,0.012938848159555594,1,LKFN
29-04-2015,-0.006386624199481994,1,LKFN
30-04-2015,-0.034610672585940194,0,LKFN
01-05-2015,0.008706710188238542,1,LKFN
04-05-2015,-0.005839234083482858,1,LKFN
05-05-2015,-0.00383043905143865,0,LKFN
06-05-2015,0.011279367471727975,1,LKFN
07-05-2015,-0.005830185621793715,0,LKFN
08-05-2015,0.0033147973980371948,0,LKFN
11-05-2015,0.0030491680764848095,1,LKFN
12-05-2015,-0.0005064685588769269,0,LKFN
13-05-2015,0.002534546706101981,0,LKFN
14-05-2015,0.010366697460297614,1,LKFN
15-05-2015,-0.006756707065496914,0,LKFN
18-05-2015,0.014361415592448523,1,LKFN
19-05-2015,-0.0022351245742400216,1,LKFN
20-05-2015,-0.0024897748582306534,0,LKFN
21-05-2015,0.003993055498329401,1,LKFN
22-05-2015,-0.01068853313704654,1,LKFN
26-05-2015,-0.007537852704238346,0,LKFN
27-05-2015,0.00962035851536669,0,LKFN
28-05-2015,0.0015046954562800696,1,LKFN
29-05-2015,-0.008763196838545984,1,LKFN
01-06-2015,-0.000757900341651685,0,LKFN
02-06-2015,0.007583416411977684,0,LKFN
03-06-2015,0.021073821166767592,1,LKFN
04-06-2015,-0.013513537633311201,0,LKFN
05-06-2015,0.019427276052824016,0,LKFN
08-06-2015,0.0017102149341399198,0,LKFN
09-06-2015,0.0021951857322672907,0,LKFN
10-06-2015,0.0165488934644189,0,LKFN
11-06-2015,0.002633378835640743,1,LKFN
12-06-2015,-0.0011938608649854077,0,LKFN
15-06-2015,0.0,0,LKFN
16-06-2015,0.007650173925357828,1,LKFN
17-06-2015,-0.009015517519753935,0,LKFN
18-06-2015,0.008618639756115432,0,LKFN
19-06-2015,0.01708990869377569,0,LKFN
22-06-2015,0.00933483609671315,0,LKFN
23-06-2015,0.0011561201149479228,0,LKFN
24-06-2015,0.0011547087860586114,0,LKFN
25-06-2015,0.002998993403996897,0,LKFN
26-06-2015,0.017939246692892707,1,LKFN
29-06-2015,-0.019430696679505366,1,LKFN
30-06-2015,-0.0006912897491605507,0,LKFN
01-07-2015,0.0073783760613872484,1,LKFN
02-07-2015,-0.01762417248761694,0,LKFN
06-07-2015,0.000932130426557265,1,LKFN
07-07-2015,-0.005121174405165352,1,LKFN
08-07-2015,-0.0009359788171344752,0,LKFN
09-07-2015,0.01288058650955648,0,LKFN
10-07-2015,0.009711011962022065,0,LKFN
13-07-2015,0.00549582331340881,1,LKFN
14-07-2015,-0.000910738456910809,1,LKFN
15-07-2015,-0.0027354586509039658,0,LKFN
16-07-2015,0.009599876101415106,1,LKFN
17-07-2015,-0.003848770328196749,0,LKFN
20-07-2015,0.007954668938443099,1,LKFN
21-07-2015,-0.005862296997733885,0,LKFN
22-07-2015,0.010148798922989588,1,LKFN
23-07-2015,-0.015578852594315351,1,LKFN
24-07-2015,-0.00917441764134408,1,LKFN
27-07-2015,-0.00046282772767558544,1,LKFN
28-07-2015,-0.019685332175816805,1,LKFN
29-07-2015,-0.004015861446457936,0,LKFN
30-07-2015,0.007590018289848288,0,LKFN
31-07-2015,0.0014124033939113545,0,LKFN
03-08-2015,0.0016456085278013788,1,LKFN
04-08-2015,-0.0030509991018313753,0,LKFN
05-08-2015,0.011064006949469851,1,LKFN
06-08-2015,-0.006519063112411683,1,LKFN
07-08-2015,-0.007030724424260448,0,LKFN
10-08-2015,0.0011800842512110776,1,LKFN
11-08-2015,-0.004950635687012039,1,LKFN
12-08-2015,-0.019189646529316984,0,LKFN
13-08-2015,0.005072370026665052,0,LKFN
14-08-2015,0.017784359287287277,0,LKFN
17-08-2015,0.002597612851011455,1,LKFN
18-08-2015,-0.004475154067118292,1,LKFN
19-08-2015,-0.004494882683810486,1,LKFN
20-08-2015,-0.021625362592693098,0,LKFN
21-08-2015,0.0,1,LKFN
24-08-2015,-0.03303368115955896,1,LKFN
25-08-2015,-0.020095683676713216,0,LKFN
26-08-2015,0.03358130057211817,0,LKFN
27-08-2015,0.004216300138806028,0,LKFN
28-08-2015,0.005680255205184004,0,LKFN
31-08-2015,0.00908649149661489,1,LKFN
01-09-2015,-0.03115098198698274,0,LKFN
02-09-2015,0.015573713564953628,1,LKFN
03-09-2015,-0.007420014880801351,1,LKFN
04-09-2015,-0.004734415337345532,0,LKFN
08-09-2015,0.022282951405417473,0,LKFN
09-09-2015,0.0,0,LKFN
10-09-2015,0.006123050999796931,0,LKFN
11-09-2015,0.0007304287771991991,0,LKFN
14-09-2015,0.0031622421103296716,0,LKFN
15-09-2015,0.011396915150883924,0,LKFN
16-09-2015,0.005513951620191637,1,LKFN
17-09-2015,-0.0030998959941949122,1,LKFN
18-09-2015,-0.011958590946149927,0,LKFN
21-09-2015,0.011619485863246348,1,LKFN
22-09-2015,-0.005025268168833308,0,LKFN
23-09-2015,0.011063333978007517,0,LKFN
24-09-2015,0.009752381916454222,0,LKFN
25-09-2015,0.014840947087253697,0,LKFN
28-09-2015,0.03017644371318573,0,LKFN
29-09-2015,0.009013173748924963,0,LKFN
30-09-2015,0.008262585963041413,0,LKFN
01-10-2015,0.02325567357227487,1,LKFN
02-10-2015,-0.03874453888459162,0,LKFN
05-10-2015,0.0009005828279262662,1,LKFN
06-10-2015,-0.018222757226528774,0,LKFN
07-10-2015,0.016727817549302415,0,LKFN
08-10-2015,0.011945183354656885,1,LKFN
09-10-2015,-0.009799616785385101,0,LKFN
12-10-2015,0.011021209911341368,1,LKFN
13-10-2015,-0.009788789225121719,1,LKFN
14-10-2015,-0.017748690744128326,0,LKFN
15-10-2015,0.03568162515836182,0,LKFN
16-10-2015,0.0053004001225567254,1,LKFN
19-10-2015,-0.008787303117052558,0,LKFN
20-10-2015,0.007313693525849985,1,LKFN
21-10-2015,-0.004092680338604215,0,LKFN
22-10-2015,0.011550385617391301,0,LKFN
23-10-2015,0.01734734111759262,1,LKFN
26-10-2015,-0.016187999863243263,1,LKFN
27-10-2015,-0.018209937492637662,0,LKFN
28-10-2015,0.04581025393709637,1,LKFN
29-10-2015,-0.016239456227419624,1,LKFN
30-10-2015,-0.024109451675435545,0,LKFN
02-11-2015,0.02047656732080938,0,LKFN
03-11-2015,0.0006540450177006107,0,LKFN
04-11-2015,0.005013179483357444,0,LKFN
05-11-2015,0.015614804967929885,0,LKFN
06-11-2015,0.02754662646633088,1,LKFN
09-11-2015,-0.013092310836300025,0,LKFN
10-11-2015,0.008843858020448403,0,LKFN
11-11-2015,0.001878655065936874,1,LKFN
12-11-2015,-0.006875099679555796,1,LKFN
13-11-2015,-0.020558093380319553,1,LKFN
16-11-2015,-0.0027844880922860415,0,LKFN
17-11-2015,0.011383345522200994,0,LKFN
18-11-2015,0.006795524154762367,1,LKFN
19-11-2015,-0.0012655304929403144,0,LKFN
20-11-2015,0.007391810951953515,0,LKFN
23-11-2015,0.002096439647200521,0,LKFN
24-11-2015,0.0018827049212084557,0,LKFN
25-11-2015,0.0025058287934622836,0,LKFN
27-11-2015,0.007498559879228539,1,LKFN
30-11-2015,-0.004755109016064796,0,LKFN
01-12-2015,0.010386187588963036,0,LKFN
02-12-2015,0.0008225311492546794,1,LKFN
03-12-2015,-0.0039031075047586405,0,LKFN
04-12-2015,0.009898952834373587,1,LKFN
07-12-2015,-0.010006204441654565,1,LKFN
08-12-2015,-0.009900725967007862,1,LKFN
09-12-2015,-0.0018751323390688857,0,LKFN
10-12-2015,0.006052883604983572,1,LKFN
11-12-2015,-0.016597270829423083,0,LKFN
14-12-2015,0.009071421120177448,0,LKFN
15-12-2015,0.01191741449100947,0,LKFN
16-12-2015,0.0030991452518527307,1,LKFN
17-12-2015,-0.02821829446951596,1,LKFN
18-12-2015,-0.00635863762881661,1,LKFN
21-12-2015,-0.008105802344992363,0,LKFN
22-12-2015,0.003871030727337965,0,LKFN
23-12-2015,0.005783910571139028,0,LKFN
24-12-2015,0.007667787501511425,0,LKFN
28-12-2015,0.0006339991866530781,0,LKFN
29-12-2015,0.013730521137381935,1,LKFN
30-12-2015,-0.002708786989764733,1,LKFN
31-12-2015,-0.02590897316460483,1,LKFN
04-01-2016,-0.027241625516513546,0,LKFN
05-01-2016,0.001984561084108938,0,LKFN
06-01-2016,0.00022007803067114473,1,LKFN
07-01-2016,-0.017821535868454808,1,LKFN
08-01-2016,-0.011200881689813591,0,LKFN
11-01-2016,0.008608972326125786,1,LKFN
12-01-2016,-0.006514004199374646,1,LKFN
13-01-2016,-0.035948512112525366,1,LKFN
14-01-2016,-0.010084317331698567,1,LKFN
15-01-2016,-0.017057693688518727,1,LKFN
19-01-2016,-0.005784411874307338,1,LKFN
20-01-2016,-0.009211964168111542,1,LKFN
21-01-2016,-0.010215627917740555,0,LKFN
22-01-2016,0.005222617628788839,1,LKFN
25-01-2016,-0.0059375234422424095,0,LKFN
26-01-2016,0.0022399008732971737,0,LKFN
27-01-2016,0.018624124418260557,0,LKFN
28-01-2016,0.025841123141021605,0,LKFN
29-01-2016,0.04063684168541726,0,LKFN
01-02-2016,0.0011419764183797643,1,LKFN
02-02-2016,-0.007527528826190788,1,LKFN
03-02-2016,-0.017467149208234556,1,LKFN
04-02-2016,-0.015906320359456827,1,LKFN
05-02-2016,-0.0185405965672244,0,LKFN
08-02-2016,0.01598451804481349,0,LKFN
09-02-2016,0.006436100107791942,1,LKFN
10-02-2016,-0.0035526342802795208,1,LKFN
11-02-2016,-0.016639226438675103,0,LKFN
12-02-2016,0.029006751469990766,0,LKFN
16-02-2016,0.005637647807424262,1,LKFN
17-02-2016,-0.014716213367387154,1,LKFN
18-02-2016,-0.00568992878218566,0,LKFN
19-02-2016,0.008106801842986844,0,LKFN
22-02-2016,0.002601936767876456,1,LKFN
23-02-2016,-0.007784940119762607,0,LKFN
24-02-2016,0.0009509112153032184,0,LKFN
25-02-2016,0.01686464408557664,0,LKFN
26-02-2016,0.010044498302118177,1,LKFN
29-02-2016,-0.012257162950166878,0,LKFN
01-03-2016,0.0339496502718335,1,LKFN
02-03-2016,-0.009510715645459022,0,LKFN
03-03-2016,0.017375225758069712,1,LKFN
04-03-2016,-0.0004493128227635035,0,LKFN
07-03-2016,0.0033722732793048937,1,LKFN
08-03-2016,-0.012995680351071015,0,LKFN
09-03-2016,0.00022698823825062497,0,LKFN
10-03-2016,0.0004537997718105924,0,LKFN
11-03-2016,0.018149059847591298,1,LKFN
14-03-2016,-0.0031195712934918296,1,LKFN
15-03-2016,-0.011175683046489304,0,LKFN
16-03-2016,0.004068681360814841,0,LKFN
17-03-2016,0.029266188587744546,0,LKFN
18-03-2016,0.009842577132447738,1,LKFN
21-03-2016,-0.007797203520005791,0,LKFN
22-03-2016,0.0026193508244909403,1,LKFN
23-03-2016,-0.001306253875080876,1,LKFN
24-03-2016,-0.005014292325528302,1,LKFN
28-03-2016,-0.003505643207107667,0,LKFN
29-03-2016,0.008135564813416263,0,LKFN
30-03-2016,0.006106651979038258,1,LKFN
31-03-2016,-0.007587071871619,0,LKFN
01-04-2016,0.0006553732379663835,1,LKFN
04-04-2016,-0.007640422843528505,1,LKFN
05-04-2016,-0.01781792382732228,0,LKFN
06-04-2016,0.005375312504430685,1,LKFN
07-04-2016,-0.028960055355410352,0,LKFN
08-04-2016,0.005735709470358952,0,LKFN
11-04-2016,0.0015966026818570178,0,LKFN
12-04-2016,0.00979279690903212,0,LKFN
13-04-2016,0.02368066458559004,0,LKFN
14-04-2016,0.004846673743508667,1,LKFN
15-04-2016,-0.003069357748119228,0,LKFN
18-04-2016,0.004178448188955963,0,LKFN
19-04-2016,0.017520823615006398,0,LKFN
20-04-2016,0.003443909903677822,1,LKFN
21-04-2016,-0.007984255851603228,0,LKFN
22-04-2016,0.003262956042751064,0,LKFN
25-04-2016,0.004119514188668072,0,LKFN
26-04-2016,0.014467777921782998,1,LKFN
27-04-2016,-0.0038313144636860086,0,LKFN
28-04-2016,0.011324817322972747,1,LKFN
29-04-2016,-0.0008451373716390487,0,LKFN
02-05-2016,0.0016917727018455064,1,LKFN
03-05-2016,-0.012033037156071735,0,LKFN
04-05-2016,0.004700827238583116,0,LKFN
05-05-2016,0.001914096060569248,0,LKFN
06-05-2016,0.004669962724137999,0,LKFN
09-05-2016,0.004859471708692498,0,LKFN
10-05-2016,0.0033641333972556087,1,LKFN
11-05-2016,-0.0031434992142773677,1,LKFN
12-05-2016,-0.000630655258750501,1,LKFN
13-05-2016,-0.0029446435920335023,0,LKFN
16-05-2016,0.006540005668136617,1,LKFN
17-05-2016,-0.007964722555626191,0,LKFN
18-05-2016,0.025353780258010827,1,LKFN
19-05-2016,-0.01607254267532021,0,LKFN
20-05-2016,0.007120617522052397,1,LKFN
23-05-2016,-0.005198631332390957,0,LKFN
24-05-2016,0.020902990971088498,0,LKFN
25-05-2016,0.008190014088180098,1,LKFN
26-05-2016,-0.008123482650824632,0,LKFN
27-05-2016,0.007371006072327324,1,LKFN
31-05-2016,-0.0026422996447944547,0,LKFN
01-06-2016,0.01100465263277095,1,LKFN
02-06-2016,-0.00181403633133137,1,LKFN
03-06-2016,-0.009693398602408476,0,LKFN
06-06-2016,0.01121576526656809,1,LKFN
07-06-2016,-0.006453360166915112,0,LKFN
08-06-2016,0.009742456332374028,1,LKFN
09-06-2016,-0.009447255267883148,1,LKFN
10-06-2016,-0.0036524989693379473,1,LKFN
13-06-2016,-0.02749501904448204,1,LKFN
14-06-2016,-0.008376970497837033,1,LKFN
15-06-2016,-0.003378985737275575,1,LKFN
16-06-2016,-0.007204911470500619,1,LKFN
17-06-2016,-0.007257130069681872,0,LKFN
20-06-2016,0.015695478412577124,0,LKFN
21-06-2016,0.0038102954961651836,1,LKFN
22-06-2016,-0.005904597706155368,0,LKFN
23-06-2016,0.027152714183015236,1,LKFN
24-06-2016,-0.051218242718200746,1,LKFN
27-06-2016,-0.025250130314801833,0,LKFN
28-06-2016,0.009825756649341821,0,LKFN
29-06-2016,0.01658558445733438,0,LKFN
30-06-2016,0.022623297607226478,1,LKFN
01-07-2016,-0.015102961099908274,1,LKFN
05-07-2016,-0.01317513047762997,0,LKFN
06-07-2016,0.007222651271734604,0,LKFN
07-07-2016,0.0008692651081179115,0,LKFN
08-07-2016,0.00933566084990689,0,LKFN
11-07-2016,0.012045359500941544,0,LKFN
12-07-2016,0.02040394045154592,0,LKFN
13-07-2016,0.009372996014898938,0,LKFN
14-07-2016,0.013413443674829884,0,LKFN
15-07-2016,0.010588171751497288,1,LKFN
18-07-2016,-0.003223885255068115,0,LKFN
19-07-2016,0.0020213799628141516,0,LKFN
20-07-2016,0.004236731773795688,1,LKFN
21-07-2016,-0.0068687459032037435,0,LKFN
22-07-2016,0.011594685525999404,0,LKFN
25-07-2016,0.01729337255897634,0,LKFN
26-07-2016,0.01541818339576162,0,LKFN
27-07-2016,0.0,1,LKFN
28-07-2016,-0.0017519627285670358,0,LKFN
29-07-2016,0.0013650847781094821,1,LKFN
01-08-2016,-0.002337026606047954,1,LKFN
02-08-2016,-0.008393419425885673,0,LKFN
03-08-2016,0.007677001140676598,0,LKFN
04-08-2016,0.010158478074919985,0,LKFN
05-08-2016,0.030168156790793654,0,LKFN
08-08-2016,0.0058194961705217985,1,LKFN
09-08-2016,-0.0008397301221650944,1,LKFN
10-08-2016,-0.001961676316515004,1,LKFN
11-08-2016,-0.0002807559764539391,1,LKFN
12-08-2016,-0.008705038495095407,0,LKFN
15-08-2016,0.004531906506438421,1,LKFN
16-08-2016,-0.00479384580859743,1,LKFN
17-08-2016,-0.0017001062725535698,0,LKFN
18-08-2016,0.0025546541331773476,1,LKFN
19-08-2016,-0.00028314062610723667,0,LKFN
22-08-2016,0.0,0,LKFN
23-08-2016,0.004531109004877187,1,LKFN
24-08-2016,-0.005356560877921357,0,LKFN
25-08-2016,0.009637212097671544,0,LKFN
26-08-2016,0.002807619819294116,0,LKFN
29-08-2016,0.00419912970374936,0,LKFN
30-08-2016,0.005018266566636953,1,LKFN
31-08-2016,-0.005825311965805935,1,LKFN
01-09-2016,-0.0027900271912009167,0,LKFN
02-09-2016,0.008113925829557944,1,LKFN
06-09-2016,-0.005273305398709627,0,LKFN
07-09-2016,0.008649412566325454,0,LKFN
08-09-2016,0.003872957066924698,1,LKFN
09-09-2016,-0.01129788344986371,0,LKFN
12-09-2016,0.007524883567458396,1,LKFN
13-09-2016,-0.020470161010867183,1,LKFN
14-09-2016,-0.01214355903130393,0,LKFN
15-09-2016,0.006861120212794614,0,LKFN
16-09-2016,0.001135839022195828,0,LKFN
19-09-2016,0.004821156497574419,0,LKFN
20-09-2016,0.002258092756895813,0,LKFN
21-09-2016,0.0005630103523783792,0,LKFN
22-09-2016,0.014072757371791145,1,LKFN
23-09-2016,-0.010546729540152122,1,LKFN
26-09-2016,-0.02075737799823052,0,LKFN
27-09-2016,0.012317363380541124,0,LKFN
28-09-2016,0.007357188108067403,1,LKFN
29-09-2016,-0.019943729534987797,0,LKFN
30-09-2016,0.015190417147730173,1,LKFN
03-10-2016,-0.0070581694284374,0,LKFN
04-10-2016,0.004549328703961297,0,LKFN
05-10-2016,0.006510391832647677,0,LKFN
06-10-2016,0.0022494157041494933,1,LKFN
07-10-2016,-0.012906866954515483,0,LKFN
10-10-2016,0.007958758057233117,1,LKFN
11-10-2016,-0.007895916369210387,0,LKFN
12-10-2016,0.0028424917708380626,1,LKFN
13-10-2016,-0.02721098747196382,0,LKFN
14-10-2016,0.0026222670745761345,1,LKFN
17-10-2016,-0.005231004048161014,0,LKFN
18-10-2016,0.00788817322084423,0,LKFN
19-10-2016,0.01652155478880979,1,LKFN
20-10-2016,-0.0025663095458626772,1,LKFN
21-10-2016,-0.0017245295244958658,0,LKFN
24-10-2016,0.011517520797182712,0,LKFN
25-10-2016,0.048676246429966374,0,LKFN
26-10-2016,0.00895757562177435,1,LKFN
27-10-2016,-0.0013453186357196278,1,LKFN
28-10-2016,-0.010237026041054698,0,LKFN
31-10-2016,0.0027220125960978336,1,LKFN
01-11-2016,-0.012757794219237062,1,LKFN
02-11-2016,-0.024745693665737423,0,LKFN
03-11-2016,0.004792732781394804,1,LKFN
04-11-2016,-0.008136851106017806,0,LKFN
07-11-2016,0.033946064233377315,0,LKFN
08-11-2016,0.006019021701168192,0,LKFN
09-11-2016,0.052216694613300696,0,LKFN
10-11-2016,0.04342220060292323,0,LKFN
11-11-2016,0.04706465037664209,0,LKFN
14-11-2016,0.01443087014552269,0,LKFN
15-11-2016,0.004431099743108513,0,LKFN
16-11-2016,0.013002093842144014,0,LKFN
17-11-2016,0.005959134631795315,0,LKFN
18-11-2016,0.0011391428585001417,1,LKFN
21-11-2016,-0.014792684817532487,0,LKFN
22-11-2016,0.00923994123709937,0,LKFN
23-11-2016,0.0034333644566089117,0,LKFN
25-11-2016,0.0015966186238136615,1,LKFN
28-11-2016,-0.024823358244809746,1,LKFN
29-11-2016,-0.004437406777690445,1,LKFN
30-11-2016,-0.010086583478520872,0,LKFN
01-12-2016,0.027487998357667243,1,LKFN
02-12-2016,-0.020064638472825358,0,LKFN
05-12-2016,0.022593388801024794,0,LKFN
06-12-2016,0.005753980980995221,0,LKFN
07-12-2016,0.008009058510605627,0,LKFN
08-12-2016,0.04063550634516244,0,LKFN
09-12-2016,0.011780230462146823,1,LKFN
12-12-2016,-0.01811126244706629,0,LKFN
13-12-2016,0.007685367575154478,1,LKFN
14-12-2016,-0.0032683965644607627,0,LKFN
15-12-2016,0.017052806861682646,0,LKFN
16-12-2016,0.0021496662355504625,0,LKFN
19-12-2016,0.009652474060276584,0,LKFN
20-12-2016,0.011897269582551884,1,LKFN
21-12-2016,-0.004409165955181815,0,LKFN
22-12-2016,0.004006955259569622,0,LKFN
23-12-2016,0.0,0,LKFN
27-12-2016,0.00945158144671554,1,LKFN
28-12-2016,-0.006033848730665925,1,LKFN
29-12-2016,-0.007327042932741223,1,LKFN
30-12-2016,-0.001265122879961278,1,LKFN
03-01-2017,-0.002956082029614171,0,LKFN
04-01-2017,0.005929602605878381,1,LKFN
05-01-2017,-0.02273708176545486,1,LKFN
06-01-2017,-0.009909200873085444,1,LKFN
09-01-2017,-0.021758216384710205,0,LKFN
10-01-2017,0.003781289403218757,0,LKFN
11-01-2017,0.01418115136715925,1,LKFN
12-01-2017,-0.018352733982181513,0,LKFN
13-01-2017,0.019363519119750316,1,LKFN
17-01-2017,-0.034279452999628646,1,LKFN
18-01-2017,-0.0009043090035409929,1,LKFN
19-01-2017,-0.013804061268659518,0,LKFN
20-01-2017,0.01376792901485846,1,LKFN
23-01-2017,-0.004319301838556555,0,LKFN
24-01-2017,0.02283112310689006,0,LKFN
25-01-2017,0.020312535020674538,0,LKFN
26-01-2017,0.01246976289886148,1,LKFN
27-01-2017,-0.012099950629074208,1,LKFN
30-01-2017,-0.0328084023552393,0,LKFN
31-01-2017,0.004522566170902298,1,LKFN
01-02-2017,-0.0024762459417160265,1,LKFN
02-02-2017,-0.01624914650411624,0,LKFN
03-02-2017,0.02477616791381765,1,LKFN
06-02-2017,-0.01678989353176097,1,LKFN
07-02-2017,-0.007513406530693434,1,LKFN
08-02-2017,-0.015829299385839546,0,LKFN
09-02-2017,0.01818163682432039,0,LKFN
10-02-2017,0.008012700978306198,0,LKFN
13-02-2017,0.007267738645848398,0,LKFN
14-02-2017,0.02187154150858417,0,LKFN
15-02-2017,0.005516393433427691,0,LKFN
16-02-2017,0.0021945262913620756,0,LKFN
17-02-2017,0.005692958902564271,0,LKFN
21-02-2017,0.003048108063382182,0,LKFN
22-02-2017,0.00933375403616754,0,LKFN
23-02-2017,0.0004301453045598702,1,LKFN
24-02-2017,-0.006878819302078121,1,LKFN
27-02-2017,-0.003030202432892204,1,LKFN
28-02-2017,-0.014546370701620126,0,LKFN
01-03-2017,0.03194560291404169,1,LKFN
02-03-2017,-0.019428140257803928,0,LKFN
03-03-2017,0.0008709670843256578,1,LKFN
06-03-2017,-0.0058735892625664254,1,LKFN
07-03-2017,-0.008096205129821565,1,LKFN
08-03-2017,-0.01147113266826838,1,LKFN
09-03-2017,-0.00937316248999076,0,LKFN
10-03-2017,0.005181373360294339,1,LKFN
13-03-2017,-0.00022408697613141015,1,LKFN
14-03-2017,-0.0015690553899061488,1,LKFN
15-03-2017,-0.0015718065616360244,0,LKFN
16-03-2017,0.008994857196209738,0,LKFN
17-03-2017,0.005125945269366383,1,LKFN
20-03-2017,-0.018846925937153647,1,LKFN
21-03-2017,-0.05468928252218075,1,LKFN
22-03-2017,-0.0019125697450366186,0,LKFN
23-03-2017,0.009341377669528583,1,LKFN
24-03-2017,-0.004271449215198508,1,LKFN
27-03-2017,-0.005957821391168516,0,LKFN
28-03-2017,0.022296479262163382,1,LKFN
29-03-2017,-0.011256833196430116,0,LKFN
30-03-2017,0.026565182677712018,1,LKFN
31-03-2017,-0.00369659566074354,1,LKFN
03-04-2017,-0.003942488113337084,1,LKFN
04-04-2017,-0.0020957916669051,1,LKFN
05-04-2017,-0.014932170262940359,0,LKFN
06-04-2017,0.002605478790846716,0,LKFN
07-04-2017,0.0011810488895187543,1,LKFN
10-04-2017,-0.0033033357562927135,0,LKFN
11-04-2017,0.018939352906696127,1,LKFN
12-04-2017,-0.004878872776917564,1,LKFN
13-04-2017,-0.02568300594630446,0,LKFN
17-04-2017,0.017493369970038142,1,LKFN
18-04-2017,-0.0011779316378568438,0,LKFN
19-04-2017,0.012261539686467593,0,LKFN
20-04-2017,0.03400867899758975,1,LKFN
21-04-2017,-0.0013583603010611789,0,LKFN
24-04-2017,0.009521360100910758,0,LKFN
25-04-2017,0.07725162692330745,1,LKFN
26-04-2017,-0.0056284904528339785,1,LKFN
27-04-2017,-0.01802924556717156,1,LKFN
28-04-2017,-0.02519216425785753,0,LKFN
01-05-2017,0.006789357178964561,1,LKFN
02-05-2017,-0.013487145311087523,0,LKFN
03-05-2017,0.007056084362151882,0,LKFN
04-05-2017,0.0010950651911332265,0,LKFN
05-05-2017,0.001749560719549459,0,LKFN
08-05-2017,0.00043667229934651886,1,LKFN
09-05-2017,-0.00872981801178907,1,LKFN
10-05-2017,-0.0035226053022486825,1,LKFN
11-05-2017,-0.01900102944403692,1,LKFN
12-05-2017,-0.0072075320889423145,0,LKFN
15-05-2017,0.004990919080833045,0,LKFN
16-05-2017,0.0020314659776792254,1,LKFN
17-05-2017,-0.042802227869413234,0,LKFN
18-05-2017,0.025652964851592408,1,LKFN
19-05-2017,-0.011014195366778834,0,LKFN
22-05-2017,0.003944234911447797,0,LKFN
23-05-2017,0.014559834401369542,1,LKFN
24-05-2017,-0.007517122585526059,0,LKFN
25-05-2017,0.0032131545043718734,1,LKFN
26-05-2017,-0.006863181858646317,1,LKFN
30-05-2017,-0.019811181128912114,1,LKFN
31-05-2017,-0.002820153675785586,0,LKFN
01-06-2017,0.028517667313852302,0,LKFN
02-06-2017,0.005499428012344376,1,LKFN
05-06-2017,-0.0034185357230354096,0,LKFN
06-06-2017,0.012119867717706345,0,LKFN
07-06-2017,0.007230046957300562,0,LKFN
08-06-2017,0.018842427316115185,0,LKFN
09-06-2017,0.0303831204535725,1,LKFN
12-06-2017,-0.01324786259343258,0,LKFN
13-06-2017,0.0019488557729876455,1,LKFN
14-06-2017,-0.0008646556119520366,0,LKFN
15-06-2017,0.005624304553592863,1,LKFN
16-06-2017,-0.011400430227498926,1,LKFN
19-06-2017,-0.006744858297619505,1,LKFN
20-06-2017,-0.0127054758402948,0,LKFN
21-06-2017,0.0017750739840209917,1,LKFN
22-06-2017,-0.0015504492661346791,0,LKFN
23-06-2017,0.013087857566223882,1,LKFN
26-06-2017,-0.002408441869835576,1,LKFN
27-06-2017,-0.008999214772129394,0,LKFN
28-06-2017,0.020376479521230895,0,LKFN
29-06-2017,0.008248423983579167,1,LKFN
30-06-2017,-0.012271279993421813,0,LKFN
03-07-2017,0.025501336539079045,0,LKFN
05-07-2017,0.004888316273596871,1,LKFN
06-07-2017,-0.017554900582208988,0,LKFN
07-07-2017,0.01614633506157004,1,LKFN
10-07-2017,-0.019279623946583446,1,LKFN
11-07-2017,-0.005400623831250062,1,LKFN
12-07-2017,-0.0019550563217558548,0,LKFN
13-07-2017,0.0041352120387954105,1,LKFN
14-07-2017,-0.016038179074786774,1,LKFN
17-07-2017,-0.0008811319643922122,1,LKFN
18-07-2017,-0.00374790431588945,0,LKFN
19-07-2017,0.007081347854572817,0,LKFN
20-07-2017,0.0015380918582841296,1,LKFN
21-07-2017,-0.003086443161442576,0,LKFN
24-07-2017,0.00420154033593767,0,LKFN
25-07-2017,0.026866471157682037,1,LKFN
26-07-2017,-0.010722740878611914,1,LKFN
27-07-2017,-0.006286850300368352,1,LKFN
28-07-2017,-0.0015268796439386056,0,LKFN
31-07-2017,0.005025151422766383,0,LKFN
01-08-2017,0.010434824007710786,1,LKFN
02-08-2017,-0.004733113061891836,1,LKFN
03-08-2017,-0.0036750255162240064,0,LKFN
04-08-2017,0.006726048799741147,1,LKFN
07-08-2017,-0.007758447413566016,0,LKFN
08-08-2017,0.005864196996486548,1,LKFN
09-08-2017,-0.021593399813774505,1,LKFN
10-08-2017,-0.024939348868751376,1,LKFN
11-08-2017,-0.011091075205172274,0,LKFN
14-08-2017,0.03913942958459504,1,LKFN
15-08-2017,-0.014978008252588548,1,LKFN
16-08-2017,-0.009168093439969938,1,LKFN
17-08-2017,-0.01828040931588948,0,LKFN
18-08-2017,0.010345031121316461,0,LKFN
21-08-2017,0.001365157023127228,0,LKFN
22-08-2017,0.0,1,LKFN
23-08-2017,-0.004998942327940514,0,LKFN
24-08-2017,0.00548058074764457,0,LKFN
25-08-2017,0.0006814813911368844,1,LKFN
28-08-2017,-0.007943868635268747,1,LKFN
29-08-2017,-0.002974225681023457,1,LKFN
30-08-2017,-0.002523893328563509,1,LKFN
31-08-2017,-0.00023008682496206134,0,LKFN
01-09-2017,0.001380549057131697,1,LKFN
05-09-2017,-0.028952139561638668,0,LKFN
06-09-2017,0.001419949138758092,1,LKFN
07-09-2017,-0.016776907048230094,0,LKFN
08-09-2017,0.014179014711381832,0,LKFN
11-09-2017,0.020853312103063404,0,LKFN
12-09-2017,0.019034121259415615,0,LKFN
13-09-2017,0.00979491385441511,0,LKFN
14-09-2017,0.0,0,LKFN
15-09-2017,0.00022571782527269768,0,LKFN
18-09-2017,0.015787031013821506,0,LKFN
19-09-2017,0.009991315746796792,0,LKFN
20-09-2017,0.010771586820175871,0,LKFN
21-09-2017,0.004566872504865316,0,LKFN
22-09-2017,0.0015157639266714096,0,LKFN
25-09-2017,0.0006484485573516885,0,LKFN
26-09-2017,0.009721240864613012,0,LKFN
27-09-2017,0.03444559767060085,0,LKFN
28-09-2017,0.0037234664725753763,0,LKFN
29-09-2017,0.003914885876991958,0,LKFN
02-10-2017,0.004310205265420475,1,LKFN
03-10-2017,-0.0008173904469153115,1,LKFN
04-10-2017,-0.01615883442064625,0,LKFN
05-10-2017,0.008108320271716485,0,LKFN
06-10-2017,0.0028870418903998996,1,LKFN
09-10-2017,-0.004524028059516461,0,LKFN
10-10-2017,0.016319142924988705,1,LKFN
11-10-2017,-0.005081314765146616,1,LKFN
12-10-2017,-0.013891843441273699,0,LKFN
13-10-2017,0.002900287525582579,0,LKFN
16-10-2017,0.003924765009819087,1,LKFN
17-10-2017,-0.008847669820970516,0,LKFN
18-10-2017,0.00913437398614736,0,LKFN
19-10-2017,0.0018514727372969109,0,LKFN
20-10-2017,0.0178646377502778,1,LKFN
23-10-2017,-0.01230601911508622,0,LKFN
24-10-2017,0.006360307513121777,1,LKFN
25-10-2017,-0.010193629141441285,0,LKFN
26-10-2017,0.018743529227567723,0,LKFN
27-10-2017,0.0008087133992165096,1,LKFN
30-10-2017,-0.030302963825713514,0,LKFN
31-10-2017,0.0058332690896427675,1,LKFN
01-11-2017,-0.008906343725091359,0,LKFN
02-11-2017,0.01922703781681112,1,LKFN
03-11-2017,-0.005536494921711044,0,LKFN
06-11-2017,0.008247467602125358,1,LKFN
07-11-2017,-0.026789205432848462,1,LKFN
08-11-2017,-0.0014708808162651188,1,LKFN
09-11-2017,-0.00946977936719251,0,LKFN
10-11-2017,0.012109552877774599,0,LKFN
13-11-2017,0.011964578451432395,0,LKFN
14-11-2017,0.0022817337329876786,1,LKFN
15-11-2017,-0.004759832366911909,1,LKFN
16-11-2017,-0.0010398422059210155,0,LKFN
17-11-2017,0.0022899819635664453,0,LKFN
20-11-2017,0.01848366160927939,0,LKFN
21-11-2017,0.004282257133866096,1,LKFN
22-11-2017,-0.007715748644884779,1,LKFN
24-11-2017,-0.007980342196335033,0,LKFN
27-11-2017,0.00680716398119019,0,LKFN
28-11-2017,0.030116528798399766,0,LKFN
29-11-2017,0.0350042363730001,1,LKFN
30-11-2017,-0.026134104954397275,1,LKFN
01-12-2017,-0.0023676546563476952,0,LKFN
04-12-2017,0.00395575913741375,1,LKFN
05-12-2017,-0.0208825782933153,1,LKFN
06-12-2017,-0.007645887121313866,0,LKFN
07-12-2017,0.008515721439370294,1,LKFN
08-12-2017,-0.007639655271293289,1,LKFN
11-12-2017,-0.009927126722875435,0,LKFN
12-12-2017,0.0077757443336903265,1,LKFN
13-12-2017,-0.006700482853354783,1,LKFN
14-12-2017,-0.012673724026024624,0,LKFN
15-12-2017,0.030020683076791732,0,LKFN
18-12-2017,0.01809052980002379,1,LKFN
19-12-2017,-0.018558790737277953,1,LKFN
20-12-2017,-0.006638394404360537,0,LKFN
21-12-2017,0.007290211360560406,1,LKFN
22-12-2017,-0.00804169377781594,1,LKFN
26-12-2017,-0.009728501271761503,0,LKFN
27-12-2017,0.005730596323938686,0,LKFN
28-12-2017,0.0008140648096899294,1,LKFN
29-12-2017,-0.01402996426565406,1,LKFN
02-01-2018,-0.003506023245438028,1,LKFN
03-01-2018,-0.003725112506660966,0,LKFN
04-01-2018,0.004154615156506614,0,LKFN
05-01-2018,0.006619691112185411,1,LKFN
08-01-2018,-0.0022605465996012875,0,LKFN
09-01-2018,0.01256427759404044,0,LKFN
10-01-2018,0.011594811645480929,0,LKFN
11-01-2018,0.019706451201919384,0,LKFN
12-01-2018,0.007296264169106559,1,LKFN
16-01-2018,-0.004306817646627881,0,LKFN
17-01-2018,0.011207253131623185,1,LKFN
18-01-2018,-0.014388562822302275,0,LKFN
19-01-2018,0.005326542068410767,1,LKFN
22-01-2018,-0.0027470586605782277,1,LKFN
23-01-2018,-0.0009841471360371168,1,LKFN
24-01-2018,-0.012462815446069642,1,LKFN
25-01-2018,-0.04627402364328348,0,LKFN
26-01-2018,0.01659307755457684,0,LKFN
29-01-2018,0.0004131832344351771,1,LKFN
30-01-2018,-0.005163129664910171,1,LKFN
31-01-2018,-0.0020760394333537713,0,LKFN
01-02-2018,0.007281081170395387,1,LKFN
02-02-2018,-0.004336932729276266,1,LKFN
05-02-2018,-0.03650695687089389,0,LKFN
06-02-2018,0.0,0,LKFN
07-02-2018,0.0040904273614765785,1,LKFN
08-02-2018,-0.018867973314483533,0,LKFN
09-02-2018,0.020323417140317934,1,LKFN
12-02-2018,-0.008353005670353575,0,LKFN
13-02-2018,0.00021618640711107417,0,LKFN
14-02-2018,0.014899629742939346,0,LKFN
15-02-2018,0.006808382476966468,0,LKFN
16-02-2018,0.008030357861901205,1,LKFN
20-02-2018,-0.018238844737747617,0,LKFN
21-02-2018,0.014520267218097738,1,LKFN
22-02-2018,-0.013891698303028277,0,LKFN
23-02-2018,0.016649047546770657,1,LKFN
26-02-2018,-0.004409127114014533,1,LKFN
27-02-2018,-0.01919033537836612,1,LKFN
28-02-2018,-0.02580073974411523,0,LKFN
01-03-2018,0.007062510634790797,0,LKFN
02-03-2018,0.01446404625840958,0,LKFN
05-03-2018,0.013609929654615494,0,LKFN
06-03-2018,0.013427009331911988,0,LKFN
07-03-2018,0.00946381481797931,1,LKFN
08-03-2018,-0.004791853563048232,0,LKFN
09-03-2018,0.01946845431744193,1,LKFN
12-03-2018,-0.0022586368459316386,1,LKFN
13-03-2018,-0.0028814006818380644,1,LKFN
14-03-2018,-0.014035192221185322,0,LKFN
15-03-2018,0.009839037610238188,0,LKFN
16-03-2018,0.0,0,LKFN
19-03-2018,0.002280001886137084,1,LKFN
20-03-2018,-0.005583872128012368,0,LKFN
21-03-2018,0.0022875889068934008,1,LKFN
22-03-2018,-0.02448646077578931,1,LKFN
23-03-2018,-0.03616239165405022,0,LKFN
26-03-2018,0.027146410529814924,1,LKFN
27-03-2018,-0.01826383568069878,0,LKFN
28-03-2018,0.015539504386140157,1,LKFN
29-03-2018,-0.003663842105890658,1,LKFN
02-04-2018,-0.013194924061880164,0,LKFN
03-04-2018,0.013809719965262923,0,LKFN
04-04-2018,0.013405369070913942,0,LKFN
05-04-2018,0.013441422130107572,1,LKFN
06-04-2018,-0.02673675536954434,1,LKFN
09-04-2018,-0.002595825989526901,0,LKFN
10-04-2018,0.02342224450813557,1,LKFN
11-04-2018,-0.006569127006500142,0,LKFN
12-04-2018,0.014931717492128627,1,LKFN
13-04-2018,-0.007145868679138689,0,LKFN
16-04-2018,0.009314209431287468,1,LKFN
17-04-2018,-0.007969726221471185,1,LKFN
18-04-2018,-0.00021135208628864088,0,LKFN
19-04-2018,0.012898983914939821,0,LKFN
20-04-2018,0.007098129749030013,0,LKFN
23-04-2018,0.009328448111703525,0,LKFN
24-04-2018,0.011356482557372427,1,LKFN
25-04-2018,-0.01531227336278207,0,LKFN
26-04-2018,0.002695387507514857,0,LKFN
27-04-2018,0.0008270811161301683,1,LKFN
30-04-2018,-0.018181687661182777,1,LKFN
01-05-2018,-0.001262899919033167,0,LKFN
02-05-2018,0.008428439317703429,1,LKFN
03-05-2018,-0.010447039358774002,0,LKFN
04-05-2018,0.010345977718518862,0,LKFN
07-05-2018,0.006687604130487079,0,LKFN
08-05-2018,0.013078639710185191,1,LKFN
09-05-2018,-0.00102465703358523,1,LKFN
10-05-2018,-0.0014357706449301677,0,LKFN
11-05-2018,0.0008216443031288101,1,LKFN
14-05-2018,-0.006978667436187802,0,LKFN
15-05-2018,0.003927225397089229,0,LKFN
16-05-2018,0.004117781512742447,0,LKFN
17-05-2018,0.007176672130512207,1,LKFN
18-05-2018,-0.0036645317318234616,0,LKFN
21-05-2018,0.013894422403355255,1,LKFN
22-05-2018,-0.002821360514957072,1,LKFN
23-05-2018,-0.0012126233877316484,1,LKFN
24-05-2018,-0.0032375325452285164,0,LKFN
25-05-2018,0.0010150045686960762,1,LKFN
29-05-2018,-0.016223941596091862,0,LKFN
30-05-2018,0.01649149870796185,1,LKFN
31-05-2018,-0.010545578814021295,0,LKFN
01-06-2018,0.013732404993151759,0,LKFN
04-06-2018,0.009098269151177396,1,LKFN
05-06-2018,-0.0010018685689986428,0,LKFN
06-06-2018,0.019053514561199636,0,LKFN
07-06-2018,0.003739404342642194,1,LKFN
08-06-2018,-0.010196126075498801,1,LKFN
11-06-2018,-0.013272579678946461,1,LKFN
12-06-2018,-0.009235213572981293,1,LKFN
13-06-2018,-0.0016209786486770517,0,LKFN
14-06-2018,0.0026385769180010676,0,LKFN
15-06-2018,0.000809585139737834,0,LKFN
18-06-2018,0.0036407298928462506,0,LKFN
19-06-2018,0.008665893097394628,0,LKFN
20-06-2018,0.008191863688657541,1,LKFN
21-06-2018,-0.009116086883781294,0,LKFN
22-06-2018,0.002399858639143604,1,LKFN
25-06-2018,-0.0061849985087341075,1,LKFN
26-06-2018,-0.0006022947321341343,1,LKFN
27-06-2018,-0.022097255477014466,1,LKFN
28-06-2018,-0.0032867471492893374,1,LKFN
29-06-2018,-0.0068013872671530695,0,LKFN
02-07-2018,0.012450669998793185,1,LKFN
03-07-2018,-0.005943872992103194,0,LKFN
05-07-2018,0.010515570935436536,0,LKFN
06-07-2018,0.006121177007249123,0,LKFN
09-07-2018,0.015412710963164322,1,LKFN
10-07-2018,-0.018174601109364086,1,LKFN
11-07-2018,-0.0018307752486321771,1,LKFN
12-07-2018,-0.007743920993781739,1,LKFN
13-07-2018,-0.0119119898133635,0,LKFN
16-07-2018,0.004988187455566839,0,LKFN
17-07-2018,0.0004138828525031002,0,LKFN
18-07-2018,0.008889754659942462,0,LKFN
19-07-2018,0.007786850994745409,0,LKFN
20-07-2018,0.0034566967570297535,0,LKFN
23-07-2018,0.01114494063563809,1,LKFN
24-07-2018,-0.007856575349789674,0,LKFN
25-07-2018,0.006091357580961798,0,LKFN
26-07-2018,0.009081840951815856,1,LKFN
27-07-2018,-0.016599889050980976,1,LKFN
30-07-2018,-0.013016186947862662,1,LKFN
31-07-2018,-0.000824213652186434,0,LKFN
01-08-2018,0.008661509462685402,0,LKFN
02-08-2018,0.005724754625430428,1,LKFN
03-08-2018,-0.018093095159205763,0,LKFN
06-08-2018,0.006625193574510302,0,LKFN
07-08-2018,0.0022623287480525445,0,LKFN
08-08-2018,0.008208817537971091,1,LKFN
09-08-2018,-0.002239011411219516,0,LKFN
10-08-2018,0.0004078615288705123,0,LKFN
13-08-2018,0.0,0,LKFN
14-08-2018,0.02120720080924854,1,LKFN
15-08-2018,-0.009784266953951404,0,LKFN
16-08-2018,0.010485912410043152,1,LKFN
17-08-2018,-0.0025941310658609273,0,LKFN
20-08-2018,0.0020006311196314464,0,LKFN
21-08-2018,0.015974407294473192,1,LKFN
22-08-2018,-0.0029479857977814383,1,LKFN
23-08-2018,-0.007096393290614844,1,LKFN
24-08-2018,-0.007742629793468847,1,LKFN
27-08-2018,-0.007403183111877487,1,LKFN
28-08-2018,-0.00947370280680282,1,LKFN
29-08-2018,-0.002849147177551581,1,LKFN
30-08-2018,-0.0016325320705933288,0,LKFN
31-08-2018,0.007154564189884249,0,LKFN
04-09-2018,0.000405708480334388,1,LKFN
05-09-2018,-0.0034487931477932277,1,LKFN
06-09-2018,-0.007328990773736277,1,LKFN
07-09-2018,-0.0020510256014070194,0,LKFN
10-09-2018,0.003904830970489659,0,LKFN
11-09-2018,0.001432946413093994,1,LKFN
12-09-2018,-0.017988731483598253,1,LKFN
13-09-2018,-0.008950778938406567,0,LKFN
14-09-2018,0.00567105675611379,1,LKFN
17-09-2018,-0.006892224599552743,1,LKFN
18-09-2018,-0.0008412872127026016,0,LKFN
19-09-2018,0.0037886336486963046,0,LKFN
20-09-2018,0.014887933899585537,0,LKFN
21-09-2018,0.0006199269094950832,1,LKFN
24-09-2018,-0.01858365132482509,0,LKFN
25-09-2018,0.0006312742181791009,1,LKFN
26-09-2018,-0.019554386318262562,1,LKFN
27-09-2018,-0.0023587885898554983,1,LKFN
28-09-2018,-0.0008599140563575469,1,LKFN
01-10-2018,-0.01269363058390538,1,LKFN
02-10-2018,-0.0074089874972551595,0,LKFN
03-10-2018,0.01800210134723068,0,LKFN
04-10-2018,0.001078236717815928,1,LKFN
05-10-2018,-0.006462806817122191,0,LKFN
08-10-2018,0.009323761844289402,0,LKFN
09-10-2018,0.0017183661520054905,1,LKFN
10-10-2018,-0.005575727605671155,1,LKFN
11-10-2018,-0.0280353969736431,1,LKFN
12-10-2018,-0.01664070056881961,0,LKFN
15-10-2018,0.007445748642689098,0,LKFN
16-10-2018,0.010078320483274172,1,LKFN
17-10-2018,-0.0006651050231851752,1,LKFN
18-10-2018,-0.019968895460170555,1,LKFN
19-10-2018,-0.019017280289693406,1,LKFN
22-10-2018,-0.018924907179269645,1,LKFN
23-10-2018,-0.009174033089009326,1,LKFN
24-10-2018,-0.05828966420572135,0,LKFN
25-10-2018,0.06139017675427216,0,LKFN
26-10-2018,0.009799293440664103,1,LKFN
29-10-2018,-0.002840255769169686,0,LKFN
30-10-2018,0.024685242986852485,1,LKFN
31-10-2018,-0.003242747085051456,0,LKFN
01-11-2018,0.005345183684916099,0,LKFN
02-11-2018,0.010402217566790606,1,LKFN
05-11-2018,-0.0059482572719503635,0,LKFN
06-11-2018,0.017261310659075324,0,LKFN
07-11-2018,0.0011311288871684866,0,LKFN
08-11-2018,0.008361506444428679,1,LKFN
09-11-2018,-0.008292171399830739,1,LKFN
12-11-2018,-0.0054237647766169905,0,LKFN
13-11-2018,0.006134708243392906,1,LKFN
14-11-2018,-0.004065022630660775,0,LKFN
15-11-2018,0.01791387095191843,1,LKFN
16-11-2018,-0.0002225481443693944,0,LKFN
19-11-2018,0.004233456222197507,1,LKFN
20-11-2018,-0.0019969297964264054,0,LKFN
21-11-2018,0.00400194192233938,0,LKFN
23-11-2018,0.006421375100070792,0,LKFN
26-11-2018,0.008140922050003274,1,LKFN
27-11-2018,-0.004801324857936162,0,LKFN
28-11-2018,0.013815769060174343,1,LKFN
29-11-2018,-0.008003477372927503,0,LKFN
30-11-2018,0.009594362922781263,1,LKFN
03-12-2018,-0.00928723853476221,1,LKFN
04-12-2018,-0.05624588851383483,1,LKFN
06-12-2018,-0.0023101909308191892,1,LKFN
07-12-2018,-0.0025467534432489503,1,LKFN
10-12-2018,-0.012302672745829413,1,LKFN
11-12-2018,-0.007990636969401166,0,LKFN
12-12-2018,0.0018953628713100912,1,LKFN
13-12-2018,-0.01773478334779599,1,LKFN
14-12-2018,-0.008184625768050013,1,LKFN
17-12-2018,-0.007524428412322703,1,LKFN
18-12-2018,-0.02078767570581852,1,LKFN
19-12-2018,-0.03471532769483687,0,LKFN
20-12-2018,0.0012938728049711745,0,LKFN
21-12-2018,0.00878557105419353,1,LKFN
24-12-2018,-0.011270741542518281,0,LKFN
26-12-2018,0.023834538426439567,0,LKFN
27-12-2018,0.0007589849696141293,0,LKFN
28-12-2018,0.018963232190718493,1,LKFN
31-12-2018,-0.0034738845263939666,0,LKFN
02-01-2019,0.014691274892378203,0,LKFN
03-01-2019,0.003190163658707279,0,LKFN
04-01-2019,0.024706515967716003,0,LKFN
07-01-2019,0.005490550267469585,0,LKFN
08-01-2019,0.01329520915772453,0,LKFN
09-01-2019,0.005389017709838573,1,LKFN
10-01-2019,-0.0011653247832980052,0,LKFN
11-01-2019,0.004433171541908587,1,LKFN
14-01-2019,-0.0006968450473466836,0,LKFN
15-01-2019,0.005578837943930548,0,LKFN
16-01-2019,0.011789236626226662,1,LKFN
17-01-2019,-0.00045704599179452465,0,LKFN
18-01-2019,0.015771371015306013,1,LKFN
22-01-2019,-0.0020251472344979815,0,LKFN
23-01-2019,0.001127395611944193,0,LKFN
24-01-2019,0.0049843533230296,0,LKFN
25-01-2019,0.01532887420332063,0,LKFN
28-01-2019,0.004662441660809202,0,LKFN
29-01-2019,0.008176997243817707,0,LKFN
30-01-2019,0.0004382607908353098,1,LKFN
31-01-2019,-0.013365463129491162,0,LKFN
01-02-2019,0.006440121558265011,0,LKFN
04-02-2019,0.009267451351307576,1,LKFN
05-02-2019,-0.003060755149809191,0,LKFN
06-02-2019,0.00021940483785432008,0,LKFN
07-02-2019,0.011181487684159164,1,LKFN
08-02-2019,-0.005420456717089461,0,LKFN
11-02-2019,0.008938216839433633,0,LKFN
12-02-2019,0.004537870518678266,0,LKFN
13-02-2019,0.0025810551982561325,1,LKFN
14-02-2019,-0.007723754833016128,0,LKFN
15-02-2019,0.018378346069276352,0,LKFN
19-02-2019,0.011252772604244399,0,LKFN
20-02-2019,0.010917588343988927,1,LKFN
21-02-2019,-0.000830718779867512,0,LKFN
22-02-2019,0.003533426775000903,1,LKFN
25-02-2019,-0.006835082304249562,1,LKFN
26-02-2019,-0.009176360728909927,0,LKFN
27-02-2019,0.013050067042997382,0,LKFN
28-02-2019,0.003947532908073592,0,LKFN
01-03-2019,0.007450334538555481,1,LKFN
04-03-2019,-0.006779002546113633,1,LKFN
05-03-2019,-0.00041343112180336483,1,LKFN
06-03-2019,-0.031243741187191976,1,LKFN
07-03-2019,-0.0158049924267184,0,LKFN
08-03-2019,0.006510315461763172,0,LKFN
11-03-2019,0.009918066885484578,0,LKFN
12-03-2019,0.001067374893950257,0,LKFN
13-03-2019,0.00917043428819242,0,LKFN
14-03-2019,0.008030381978376688,0,LKFN
15-03-2019,0.010482331988183713,0,LKFN
18-03-2019,0.00622396997231589,1,LKFN
19-03-2019,-0.031546300049656084,1,LKFN
20-03-2019,-0.03470324622331045,1,LKFN
21-03-2019,-0.007498776983474564,1,LKFN
22-03-2019,-0.04822208088809232,0,LKFN
25-03-2019,0.02778428497446317,0,LKFN
26-03-2019,0.02385265469043807,1,LKFN
27-03-2019,-0.007099999377612409,0,LKFN
28-03-2019,0.014525021108093616,1,LKFN
29-03-2019,-0.0039648043360061,0,LKFN
01-04-2019,0.024989043205506434,1,LKFN
02-04-2019,-0.001510368124601813,0,LKFN
03-04-2019,0.0019447514549839617,0,LKFN
04-04-2019,0.0032349320053202124,0,LKFN
05-04-2019,0.005588826227642452,0,LKFN
08-04-2019,0.0068405532510573686,1,LKFN
09-04-2019,-0.010403275492379516,0,LKFN
10-04-2019,0.015018121439154486,0,LKFN
11-04-2019,0.007398172124302604,0,LKFN
12-04-2019,0.01384799617927479,1,LKFN
15-04-2019,-0.014486813018082523,0,LKFN
16-04-2019,0.009869904934337814,1,LKFN
17-04-2019,-0.004366821086802197,1,LKFN
18-04-2019,-0.015037685276319102,1,LKFN
22-04-2019,-0.013570695655689469,0,LKFN
23-04-2019,0.02063626435384891,1,LKFN
24-04-2019,-0.004663009780162097,0,LKFN
25-04-2019,0.005536662820829985,0,LKFN
26-04-2019,0.010800531848000672,0,LKFN
29-04-2019,0.01236108903521882,1,LKFN
30-04-2019,-0.011796325365226235,1,LKFN
01-05-2019,-0.005863749774539517,0,LKFN
02-05-2019,0.008215597372159378,0,LKFN
03-05-2019,0.019849618678466907,0,LKFN
06-05-2019,0.004712045784658114,1,LKFN
07-05-2019,-0.024265823276975573,1,LKFN
08-05-2019,-0.009613502127942986,0,LKFN
09-05-2019,0.0023212587699315,0,LKFN
10-05-2019,0.009684253747501925,1,LKFN
13-05-2019,-0.0344036258710132,0,LKFN
14-05-2019,0.007989679502998559,1,LKFN
15-05-2019,-0.009854456551454227,0,LKFN
16-05-2019,0.01752487368580491,1,LKFN
17-05-2019,-0.0074419215909267145,0,LKFN
20-05-2019,0.00771190495579499,0,LKFN
21-05-2019,0.0029762561622466155,1,LKFN
22-05-2019,-0.010809688922620464,1,LKFN
23-05-2019,-0.025498091215853558,0,LKFN
24-05-2019,0.01407198422998368,1,LKFN
28-05-2019,-0.0078056337204077675,1,LKFN
29-05-2019,-0.0021854510017489392,1,LKFN
30-05-2019,-0.01861569300505017,1,LKFN
31-05-2019,-0.019192205308248722,0,LKFN
03-06-2019,0.014334556756449457,0,LKFN
04-06-2019,0.03633914688519435,1,LKFN
05-06-2019,-0.011039159593370651,1,LKFN
06-06-2019,-0.0076600913379112345,1,LKFN
07-06-2019,-0.0004412103669111378,0,LKFN
10-06-2019,0.013018509510756004,1,LKFN
11-06-2019,-0.004574223675446021,1,LKFN
12-06-2019,-0.0013128509027618973,0,LKFN
13-06-2019,0.008106881143657096,0,LKFN
14-06-2019,0.0041296721443320195,1,LKFN
17-06-2019,-0.009523843666613407,0,LKFN
18-06-2019,0.009396839005904045,1,LKFN
19-06-2019,-0.003897033107071235,1,LKFN
20-06-2019,-0.006085680139047089,1,LKFN
21-06-2019,-0.012464343641651165,1,LKFN
24-06-2019,-0.001771428714552603,0,LKFN
25-06-2019,0.006654713118885658,0,LKFN
26-06-2019,0.00793309625229588,0,LKFN
27-06-2019,0.01464793518994778,0,LKFN
28-06-2019,0.00904979935661121,0,LKFN
01-07-2019,0.005765446329962565,1,LKFN
02-07-2019,-0.02760077386838211,0,LKFN
03-07-2019,0.010917006687517716,0,LKFN
05-07-2019,0.007559431241379588,1,LKFN
08-07-2019,-0.013933465091172548,1,LKFN
09-07-2019,-0.00021752780570893915,1,LKFN
10-07-2019,-0.012611452357501718,0,LKFN
11-07-2019,0.0006607065191814865,0,LKFN
12-07-2019,0.012103828945281503,1,LKFN
15-07-2019,-0.019569289072150498,1,LKFN
16-07-2019,-0.001108962410582226,1,LKFN
17-07-2019,-0.01443179892885782,0,LKFN
18-07-2019,0.0022529005548619363,1,LKFN
19-07-2019,-0.0022478364029823172,1,LKFN
22-07-2019,-0.010587886373218725,0,LKFN
23-07-2019,0.004553926562495869,0,LKFN
24-07-2019,0.02715647712020508,1,LKFN
25-07-2019,-0.009109254990590787,0,LKFN
26-07-2019,0.011435065501111064,1,LKFN
29-07-2019,-0.009975554967347366,0,LKFN
30-07-2019,0.016345661545875245,0,LKFN
31-07-2019,0.013218808746172872,1,LKFN
01-08-2019,-0.02152651490532398,1,LKFN
02-08-2019,-0.005999946325561112,1,LKFN
05-08-2019,-0.03845288946746339,0,LKFN
06-08-2019,0.006742674431252427,1,LKFN
07-08-2019,-0.016859058074351285,0,LKFN
08-08-2019,0.014799081405126646,1,LKFN
09-08-2019,-0.007639077348130963,1,LKFN
12-08-2019,-0.001166133062520891,0,LKFN
13-08-2019,0.011443226550062136,1,LKFN
14-08-2019,-0.02124237833262954,0,LKFN
15-08-2019,0.008492745842692662,0,LKFN
16-08-2019,0.033918036448684186,0,LKFN
19-08-2019,0.005429825561509505,1,LKFN
20-08-2019,-0.024077316095882373,1,LKFN
21-08-2019,-0.0013834117149457148,1,LKFN
22-08-2019,-0.006695969097009424,1,LKFN
23-08-2019,-0.037424523939604604,0,LKFN
26-08-2019,0.02125114257361549,1,LKFN
27-08-2019,-0.020099558543275386,0,LKFN
28-08-2019,0.006756951050372884,0,LKFN
29-08-2019,0.011505189712436525,0,LKFN
30-08-2019,0.003080653567851588,1,LKFN
03-09-2019,-0.016536970512686988,0,LKFN
04-09-2019,0.003843547937851799,0,LKFN
05-09-2019,0.024647095589258816,1,LKFN
06-09-2019,-0.011676725453357517,0,LKFN
09-09-2019,0.029064142995397724,0,LKFN
10-09-2019,0.02181416131805336,0,LKFN
11-09-2019,0.024494213855190905,1,LKFN
12-09-2019,-0.0004387115556447885,0,LKFN
13-09-2019,0.007680337641842616,1,LKFN
16-09-2019,-0.002177444848286636,1,LKFN
17-09-2019,-0.012003525349284061,1,LKFN
18-09-2019,-0.0006627632939743,1,LKFN
19-09-2019,-0.005083904737536948,1,LKFN
20-09-2019,-0.005109972035772792,0,LKFN
23-09-2019,0.0011165730186069034,1,LKFN
24-09-2019,-0.009145919620870746,0,LKFN
25-09-2019,0.013958008372528807,1,LKFN
26-09-2019,-0.021536577680988267,0,LKFN
27-09-2019,0.003630561795706866,1,LKFN
30-09-2019,-0.0056521980109858205,1,LKFN
01-10-2019,-0.020918677149861398,1,LKFN
02-10-2019,-0.007199147466191325,1,LKFN
03-10-2019,-0.005380113336674541,0,LKFN
04-10-2019,0.010818336698071418,1,LKFN
07-10-2019,-0.000465352738309166,0,LKFN
08-10-2019,0.00046556939230080197,1,LKFN
09-10-2019,-0.01163325835413187,0,LKFN
10-10-2019,0.00023536778814259307,0,LKFN
11-10-2019,0.01812198228603723,1,LKFN
14-10-2019,-0.004623314288173419,0,LKFN
15-10-2019,0.01927556057014357,0,LKFN
16-10-2019,0.00045542997864633783,0,LKFN
17-10-2019,0.003643974216232637,0,LKFN
18-10-2019,0.004538156723772557,0,LKFN
21-10-2019,0.013553145954321222,0,LKFN
22-10-2019,0.018275179250610174,0,LKFN
23-10-2019,0.006347087390363493,1,LKFN
24-10-2019,-0.004159328838984733,0,LKFN
25-10-2019,0.009232624709569093,0,LKFN
28-10-2019,0.010673204302031225,0,LKFN
29-10-2019,0.008836274047512527,0,LKFN
30-10-2019,0.0023498079322601395,1,LKFN
31-10-2019,-0.007885748733254316,0,LKFN
01-11-2019,0.012030020848953438,0,LKFN
04-11-2019,0.0,0,LKFN
05-11-2019,0.0025473031297493787,1,LKFN
06-11-2019,-0.00444624302043739,0,LKFN
07-11-2019,0.00297731548566027,1,LKFN
08-11-2019,-0.0023322845349941224,0,LKFN
11-11-2019,0.002975332191772706,1,LKFN
12-11-2019,-0.0012713234501612325,1,LKFN
13-11-2019,-0.0050924436853723165,1,LKFN
14-11-2019,-0.003412056243757733,0,LKFN
15-11-2019,0.004493731065182915,1,LKFN
18-11-2019,-0.0036214799010709786,0,LKFN
19-11-2019,0.004062393094357963,1,LKFN
20-11-2019,-0.006388428831699211,0,LKFN
21-11-2019,0.0015002715301821734,0,LKFN
22-11-2019,0.00663380203238928,0,LKFN
25-11-2019,0.012117312676475533,1,LKFN
26-11-2019,-0.0014702517445058794,0,LKFN
27-11-2019,0.0021034402613575587,1,LKFN
29-11-2019,-0.010915231666287273,1,LKFN
02-12-2019,-0.0012731274600227271,1,LKFN
03-12-2019,-0.004249958475324056,0,LKFN
04-12-2019,0.004908193282832762,0,LKFN
05-12-2019,0.0002122102044075369,0,LKFN
06-12-2019,0.005944941146800664,1,LKFN
09-12-2019,-0.0016884684085626267,0,LKFN
10-12-2019,0.004439746977231929,0,LKFN
11-12-2019,0.0031571945795356715,0,LKFN
12-12-2019,0.020352424992830187,1,LKFN
13-12-2019,-0.0057577368590074895,0,LKFN
16-12-2019,0.009927813682283793,0,LKFN
17-12-2019,0.013106553284805589,1,LKFN
18-12-2019,-0.005255726786649428,0,LKFN
19-12-2019,0.004877035287427889,0,LKFN
20-12-2019,0.009100241217331329,1,LKFN
23-12-2019,-0.0098197731221904,0,LKFN
24-12-2019,0.0016190980970152147,1,LKFN
26-12-2019,-0.005657682995781177,1,LKFN
27-12-2019,-0.007518782984889727,1,LKFN
30-12-2019,-0.0004094577308957348,0,LKFN
31-12-2019,0.002253062474862677,0,LKFN
02-01-2020,0.002043848946618132,1,LKFN
03-01-2020,-0.007342572122111091,1,LKFN
06-01-2020,-0.0006163728985603134,1,LKFN
07-01-2020,-0.007606894096060524,0,LKFN
08-01-2020,0.0074580147584708545,1,LKFN
09-01-2020,-0.004318241169379844,1,LKFN
10-01-2020,-0.004337133892513667,0,LKFN
13-01-2020,0.010164006859842756,0,LKFN
14-01-2020,0.0026694944837677426,1,LKFN
15-01-2020,-0.007577538610533341,0,LKFN
16-01-2020,0.02022289694300361,1,LKFN
17-01-2020,-0.007686009128526572,1,LKFN
21-01-2020,-0.007134149670652623,1,LKFN
22-01-2020,-0.005542963903059861,1,LKFN
23-01-2020,-0.004154638561915225,1,LKFN
24-01-2020,-0.00521494383715948,0,LKFN
27-01-2020,0.015936417799686797,0,LKFN
28-01-2020,0.001651091511791991,1,LKFN
29-01-2020,-0.0030908772268074536,0,LKFN
30-01-2020,0.014468815056057016,1,LKFN
31-01-2020,-0.03341476365955587,0,LKFN
03-02-2020,0.0010538812112794727,0,LKFN
04-02-2020,0.0037902617823930562,0,LKFN
05-02-2020,0.021816812039229916,1,LKFN
06-02-2020,-0.017655590301237756,1,LKFN
07-02-2020,-0.007732444601408095,1,LKFN
10-02-2020,-0.0033698956709802275,0,LKFN
11-02-2020,0.0031699962496150036,1,LKFN
12-02-2020,-0.0027385595645675886,0,LKFN
13-02-2020,0.010984319471419202,1,LKFN
14-02-2020,-0.00961143237598372,1,LKFN
18-02-2020,-0.017932520923461204,0,LKFN
19-02-2020,0.0010741157755882469,0,LKFN
20-02-2020,0.004291853155172554,1,LKFN
21-02-2020,-0.010683864318537406,1,LKFN
24-02-2020,-0.03455712935116939,1,LKFN
25-02-2020,-0.047874663418659646,0,LKFN
26-02-2020,0.00869354944997247,1,LKFN
27-02-2020,-0.023992477782606825,1,LKFN
28-02-2020,-0.024582361827089172,0,LKFN
02-03-2020,0.05285055400178629,1,LKFN
03-03-2020,-0.03346511729601198,0,LKFN
04-03-2020,0.01707140354174075,1,LKFN
05-03-2020,-0.0678487455695922,1,LKFN
06-03-2020,-0.012173373676156896,1,LKFN
09-03-2020,-0.08369715152400892,0,LKFN
10-03-2020,0.0030821680997543677,1,LKFN
11-03-2020,-0.018435742568385205,1,LKFN
12-03-2020,-0.07370512853175715,0,LKFN
13-03-2020,0.05744995562807809,1,LKFN
16-03-2020,-0.05926773360567861,0,LKFN
17-03-2020,0.21587385651823676,1,LKFN
18-03-2020,-0.08534418267462696,0,LKFN
19-03-2020,0.05276310653893557,1,LKFN
20-03-2020,-0.14138739849381132,0,LKFN
23-03-2020,0.0027648477991963905,0,LKFN
24-03-2020,0.08057616446570726,1,LKFN
25-03-2020,-0.06719593905527954,0,LKFN
26-03-2020,0.10942243604115087,1,LKFN
27-03-2020,-0.07561641772060124,0,LKFN
30-03-2020,0.05186719141757301,0,LKFN
31-03-2020,0.03550275251476709,1,LKFN
01-04-2020,-0.03918346923711069,0,LKFN
02-04-2020,0.061738856209264004,1,LKFN
03-04-2020,-0.01227002357047402,0,LKFN
06-04-2020,0.050499709237517676,0,LKFN
07-04-2020,0.02262212676525488,1,LKFN
08-04-2020,-0.016842683253990298,0,LKFN
09-04-2020,0.0695474718651874,0,LKFN
13-04-2020,0.02414544866365964,1,LKFN
14-04-2020,-0.05042030560417332,1,LKFN
15-04-2020,-0.08456233523003309,1,LKFN
16-04-2020,-0.08431812016998463,0,LKFN
17-04-2020,0.08475093713102,1,LKFN
20-04-2020,-0.01108405245808941,1,LKFN
21-04-2020,-0.005740916415427844,0,LKFN
22-04-2020,0.008523588404904858,1,LKFN
23-04-2020,-0.0021990426248373884,0,LKFN
24-04-2020,0.028925367583629624,0,LKFN
27-04-2020,0.07657310095433933,0,LKFN
28-04-2020,0.04327282210535377,0,LKFN
29-04-2020,0.03933253449464025,1,LKFN
30-04-2020,-0.029128352692399773,1,LKFN
01-05-2020,-0.044885572845821176,0,LKFN
04-05-2020,0.0014842142978823691,1,LKFN
05-05-2020,-0.03655238344017209,1,LKFN
06-05-2020,-0.020763786584842014,1,LKFN
07-05-2020,-0.006282712066345231,0,LKFN
08-05-2020,0.046627964420485224,1,LKFN
11-05-2020,-0.03674804781465901,1,LKFN
12-05-2020,-0.039456587979624924,1,LKFN
13-05-2020,-0.01686603535623432,0,LKFN
14-05-2020,0.013281660567416198,1,LKFN
15-05-2020,-0.0046422063548058334,0,LKFN
18-05-2020,0.08395061063024811,1,LKFN
19-05-2020,-0.048848489006959483,0,LKFN
20-05-2020,0.05002651358486676,1,LKFN
21-05-2020,-0.005828500229055789,0,LKFN
22-05-2020,0.0007646570025106048,0,LKFN
26-05-2020,0.06087623282412524,0,LKFN
27-05-2020,0.07154858921157903,1,LKFN
28-05-2020,-0.0389872318525738,1,LKFN
29-05-2020,-0.004663160509822961,1,LKFN
01-06-2020,-0.0009369094559841251,0,LKFN
02-06-2020,0.012661060266149438,0,LKFN
03-06-2020,0.04908562181455434,1,LKFN
04-06-2020,-0.027808449928453438,0,LKFN
05-06-2020,0.05244040111451809,0,LKFN
08-06-2020,0.0058239237669397426,0,LKFN
09-06-2020,0.0072915933798576305,1,LKFN
10-06-2020,-0.055354456562617504,1,LKFN
11-06-2020,-0.06919095529849217,0,LKFN
12-06-2020,0.021791754885590597,0,LKFN
15-06-2020,0.0253554740863271,0,LKFN
16-06-2020,0.039981440343735075,1,LKFN
17-06-2020,-0.022000084515974905,0,LKFN
18-06-2020,0.017268791023042684,1,LKFN
19-06-2020,-0.0013401591850400463,1,LKFN
22-06-2020,-0.006486143151753998,1,LKFN
23-06-2020,-0.004277349198652858,1,LKFN
24-06-2020,-0.02645264590860741,0,LKFN
25-06-2020,0.03947960183162191,1,LKFN
26-06-2020,-0.023458422036715998,0,LKFN
29-06-2020,0.03683384326032568,0,LKFN
30-06-2020,0.02802294913099823,1,LKFN
01-07-2020,-0.032410381218984874,1,LKFN
02-07-2020,-0.011535044394115346,1,LKFN
06-07-2020,-0.0031418334153772154,1,LKFN
07-07-2020,-0.018460203820434784,1,LKFN
08-07-2020,-0.008486251305067638,1,LKFN
09-07-2020,-0.022669459735036535,0,LKFN
10-07-2020,0.032426120484061016,0,LKFN
13-07-2020,0.01054564146962722,1,LKFN
14-07-2020,-0.00612525009365561,0,LKFN
15-07-2020,0.0463364403776092,1,LKFN
16-07-2020,-0.001090745088775824,1,LKFN
17-07-2020,-0.011574642919902067,1,LKFN
20-07-2020,-0.00950065153996682,0,LKFN
21-07-2020,0.03078301871827338,1,LKFN
22-07-2020,-0.017528655323882036,0,LKFN
23-07-2020,0.017738407557074565,1,LKFN
24-07-2020,-0.009368263581762903,0,LKFN
27-07-2020,0.005717994338915178,1,LKFN
28-07-2020,-0.030395814377094377,0,LKFN
29-07-2020,0.02119978265119582,1,LKFN
30-07-2020,-0.009275446666612619,1,LKFN
31-07-2020,-0.013375067232051063,1,LKFN
03-08-2020,-0.002485175542528806,1,LKFN
04-08-2020,-0.012231054445324685,0,LKFN
05-08-2020,0.09149267920024395,1,LKFN
06-08-2020,-0.0048319913412814275,0,LKFN
07-08-2020,0.039054385521143375,0,LKFN
10-08-2020,0.020316920294463525,1,LKFN
11-08-2020,-0.000796528692364018,1,LKFN
12-08-2020,-0.00936630350569223,1,LKFN
13-08-2020,-0.0136793627593077,0,LKFN
14-08-2020,0.0006119953963426017,0,LKFN
17-08-2020,0.0010191032941142542,1,LKFN
18-08-2020,-0.026471140815425342,0,LKFN
19-08-2020,0.0006273671169505501,1,LKFN
20-08-2020,-0.0020901029436275476,1,LKFN
21-08-2020,-0.02325111399324642,0,LKFN
24-08-2020,0.013296173385857424,1,LKFN
25-08-2020,-0.0008465136449524735,1,LKFN
26-08-2020,-0.02224104957416484,0,LKFN
27-08-2020,0.006715819222224084,1,LKFN
28-08-2020,-0.006671017872166396,1,LKFN
31-08-2020,-0.010181999402715136,0,LKFN
01-09-2020,0.0043773375506166445,0,LKFN
02-09-2020,0.011113507654660015,0,LKFN
03-09-2020,0.002370725676404062,0,LKFN
04-09-2020,0.010965443203376335,1,LKFN
08-09-2020,-0.032752099928306966,0,LKFN
09-09-2020,0.0019789530703206992,1,LKFN
10-09-2020,-0.01755554234671952,1,LKFN
11-09-2020,-0.0060306626100748995,0,LKFN
14-09-2020,0.009438025767929403,1,LKFN
15-09-2020,-0.014470058375318118,0,LKFN
16-09-2020,0.000677710159577849,1,LKFN
17-09-2020,-0.018510269425619952,1,LKFN
18-09-2020,-0.01655940195671579,1,LKFN
21-09-2020,-0.029466611146211963,1,LKFN
22-09-2020,-0.018313264479077884,1,LKFN
23-09-2020,-0.026509529303553325,0,LKFN
24-09-2020,0.004286293505067151,0,LKFN
25-09-2020,0.01581722319859402,0,LKFN
28-09-2020,0.025704509652792806,1,LKFN
29-09-2020,-0.006024230092014471,1,LKFN
30-09-2020,-0.0012120536607663768,0,LKFN
01-10-2020,0.007281620768567532,0,LKFN
02-10-2020,0.022168564832866666,0,LKFN
05-10-2020,0.044554455445544594,0,LKFN
06-10-2020,0.027984678743804947,0,LKFN
07-10-2020,0.03644349230512578,0,LKFN
08-10-2020,0.004448127242034694,0,LKFN
09-10-2020,0.0023197316867824558,1,LKFN
12-10-2020,-0.017883430305722703,1,LKFN
13-10-2020,-0.023136294288258696,1,LKFN
14-10-2020,-0.025219176896804862,0,LKFN
15-10-2020,0.019572514081030556,0,LKFN
16-10-2020,0.003309784533302551,1,LKFN
19-10-2020,-0.003298865997646061,0,LKFN
20-10-2020,0.03022942855922417,0,LKFN
21-10-2020,0.010708919306725129,0,LKFN
22-10-2020,0.024525604362739317,0,LKFN
23-10-2020,0.02435457002886432,0,LKFN
26-10-2020,0.03759406199335924,1,LKFN
27-10-2020,-0.01096749035888045,1,LKFN
28-10-2020,-0.02019812612946914,0,LKFN
29-10-2020,0.014147172352560577,0,LKFN
30-10-2020,0.018931856877106412,0,LKFN
02-11-2020,0.010365782110521193,0,LKFN
03-11-2020,0.005032913400888184,1,LKFN
04-11-2020,-0.052195752596626344,0,LKFN
05-11-2020,0.02966875488416232,1,LKFN
06-11-2020,-0.020130209182424696,0,LKFN
09-11-2020,0.09063452651325199,0,LKFN
10-11-2020,0.01828247546869277,1,LKFN
11-11-2020,-0.015959438583816432,1,LKFN
12-11-2020,-0.025986031723523206,0,LKFN
13-11-2020,0.017786312118429404,0,LKFN
16-11-2020,0.029373374452467127,1,LKFN
17-11-2020,-0.0003611314677535171,1,LKFN
18-11-2020,-0.025474221095524663,0,LKFN
19-11-2020,0.0009269071985573696,1,LKFN
20-11-2020,-0.0018521695057259757,1,LKFN
23-11-2020,-0.0009278391839449007,0,LKFN
24-11-2020,0.030832105317977643,1,LKFN
25-11-2020,-0.022882883927889508,1,LKFN
27-11-2020,-0.014751994812133296,1,LKFN
30-11-2020,-0.04941034820500145,0,LKFN
01-12-2020,0.02677686096816645,0,LKFN
02-12-2020,0.013230994249896488,0,LKFN
03-12-2020,0.0034066105051162587,0,LKFN
04-12-2020,0.013579740765298665,1,LKFN
07-12-2020,-0.021027132111606117,0,LKFN
08-12-2020,0.0011404519126398949,0,LKFN
09-12-2020,0.0026580967467693117,1,LKFN
10-12-2020,-0.004355285936671782,1,LKFN
11-12-2020,-0.008368233549361781,1,LKFN
14-12-2020,-0.00537015815334807,0,LKFN
15-12-2020,0.016197457367791657,1,LKFN
16-12-2020,-0.005313093844886985,0,LKFN
17-12-2020,0.0019077167014804886,1,LKFN
18-12-2020,-0.012376326087682132,1,LKFN
21-12-2020,-0.010410574703499709,1,LKFN
22-12-2020,-0.005260047468868434,0,LKFN
23-12-2020,0.032510704464422835,1,LKFN
24-12-2020,-0.004552289761143857,0,LKFN
28-12-2020,0.009717965077843393,1,LKFN
29-12-2020,-0.0009435979044851717,0,LKFN
30-12-2020,0.006611204089206568,0,LKFN
31-12-2020,0.0054420292418011496,0,LKFN
04-01-2021,0.005599099523277529,0,LKFN
05-01-2021,0.010579099094093047,0,LKFN
06-01-2021,0.07529832709478534,0,LKFN
07-01-2021,0.017250209374853442,1,LKFN
08-01-2021,-0.018132922544152885,0,LKFN
11-01-2021,0.007865895409427948,0,LKFN
12-01-2021,0.011028243597284382,1,LKFN
13-01-2021,-0.0021816416824373963,0,LKFN
14-01-2021,0.014631713039373828,1,LKFN
15-01-2021,-0.008122044927895478,1,LKFN
19-01-2021,-0.0011697376952817251,0,LKFN
20-01-2021,0.005353782977913335,1,LKFN
21-01-2021,-0.0006655945386268014,0,LKFN
22-01-2021,0.004186874217140701,1,LKFN
25-01-2021,-0.00016669951993497634,0,LKFN
26-01-2021,0.029858147346935482,1,LKFN
27-01-2021,-0.024457407026176825,1,LKFN
28-01-2021,-0.007969420739624478,1,LKFN
29-01-2021,-0.01757322834625341,0,LKFN
01-02-2021,0.020272575759466838,0,LKFN
02-02-2021,0.007346828553331797,1,LKFN
03-02-2021,-0.0011603153362904628,0,LKFN
04-02-2021,0.029040748891066892,1,LKFN
05-02-2021,-0.00016118857670488485,0,LKFN
08-02-2021,0.034516087621109914,0,LKFN
09-02-2021,0.020736011158607237,1,LKFN
10-02-2021,-0.011302877875814299,1,LKFN
11-02-2021,-0.009732869880927475,0,LKFN
12-02-2021,0.001560051609481583,0,LKFN
16-02-2021,0.003894114163959461,1,LKFN
17-02-2021,-0.0040340950225837835,1,LKFN
18-02-2021,-0.004829427028342881,0,LKFN
19-02-2021,0.030056303238355175,0,LKFN
22-02-2021,0.016869465558218444,0,LKFN
23-02-2021,0.023314896977873145,0,LKFN
24-02-2021,0.01664946474288964,0,LKFN
25-02-2021,0.0014365652728127731,1,LKFN
26-02-2021,-0.010902389192381512,0,LKFN
01-03-2021,0.008557045891340653,1,LKFN
02-03-2021,-0.017112401000862976,0,LKFN
03-03-2021,0.0337966693382763,1,LKFN
04-03-2021,-0.014152288186652484,0,LKFN
05-03-2021,0.04048236865101984,0,LKFN
08-03-2021,0.03918311719639744,1,LKFN
09-03-2021,-0.009957445475191173,0,LKFN
10-03-2021,0.025747521878071167,1,LKFN
11-03-2021,-0.012942839322016453,0,LKFN
12-03-2021,0.009933807982881016,1,LKFN
15-03-2021,-0.043672150023809864,1,LKFN
16-03-2021,-0.01673063191858848,0,LKFN
17-03-2021,0.0011157738235136883,0,LKFN
18-03-2021,0.007383534650039936,0,LKFN
19-03-2021,0.0016595954320168804,1,LKFN
22-03-2021,-0.018776768680163758,1,LKFN
23-03-2021,-0.025889962018448176,1,LKFN
24-03-2021,-0.0010109816559467077,0,LKFN
25-03-2021,0.018941495418545617,0,LKFN
26-03-2021,0.020008527772828577,1,LKFN
29-03-2021,-0.03185881670287183,0,LKFN
30-03-2021,0.0033051829963999246,1,LKFN
31-03-2021,-0.009023162019254793,0,LKFN
01-04-2021,0.0034686405599761994,1,LKFN
05-04-2021,-0.01123417025498663,0,LKFN
06-04-2021,0.0065548303367783944,1,LKFN
07-04-2021,-0.01476120277227655,0,LKFN
08-04-2021,0.005875513208208005,0,LKFN
09-04-2021,0.006863134530793902,0,LKFN
12-04-2021,0.003916055694119569,1,LKFN
13-04-2021,-0.017191621111141808,0,LKFN
14-04-2021,0.012788477638898232,0,LKFN
15-04-2021,0.0013061870888853022,0,LKFN
16-04-2021,0.009421702222562667,1,LKFN
19-04-2021,-0.008184983030781634,1,LKFN
20-04-2021,-0.024323116574758497,0,LKFN
21-04-2021,0.017213391672640688,1,LKFN
22-04-2021,-0.01583358985159744,0,LKFN
23-04-2021,0.030090918309103154,1,LKFN
26-04-2021,-0.009978310337082075,1,LKFN
27-04-2021,-0.021910624479869134,1,LKFN
28-04-2021,-0.019265312615360464,0,LKFN
29-04-2021,0.000609189328283799,1,LKFN
30-04-2021,-0.007304770214541678,0,LKFN
03-05-2021,0.020389320395202803,1,LKFN
04-05-2021,-0.0046574247617501285,1,LKFN
05-05-2021,-0.0021132063756906794,1,LKFN
06-05-2021,-0.013311107525471266,1,LKFN
07-05-2021,-0.005672275333708288,1,LKFN
10-05-2021,-0.02158499932439839,1,LKFN
11-05-2021,-0.021588417054391185,1,LKFN
12-05-2021,-0.02947332174441397,0,LKFN
13-05-2021,0.04098907169066446,0,LKFN
14-05-2021,0.00669535744387062,1,LKFN
17-05-2021,-0.005384012116807058,1,LKFN
18-05-2021,-0.023085501104758266,1,LKFN
19-05-2021,-0.0004888908038188644,1,LKFN
20-05-2021,-0.0009783224344781516,0,LKFN
21-05-2021,0.020075030783738956,1,LKFN
24-05-2021,-0.009599960118860107,1,LKFN
25-05-2021,-0.03747977703740135,0,LKFN
26-05-2021,0.01980523729395145,0,LKFN
27-05-2021,0.00839372092030466,0,LKFN
28-05-2021,0.007181306733544446,0,LKFN
01-06-2021,0.00016203932270308918,1,LKFN
02-06-2021,-0.009559268496689088,0,LKFN
03-06-2021,0.014722660212310723,1,LKFN
04-06-2021,-0.0020957060758465262,0,LKFN
07-06-2021,0.014862664860653352,1,LKFN
08-06-2021,-0.010347061452871675,1,LKFN
09-06-2021,-0.017532528209713183,1,LKFN
10-06-2021,-0.01637194456779978,1,LKFN
11-06-2021,-0.004161143564051284,1,LKFN
14-06-2021,-0.008524193043079942,0,LKFN
15-06-2021,0.018374934434143286,0,LKFN
16-06-2021,0.007449130341964372,1,LKFN
17-06-2021,-0.004765085971282779,1,LKFN
18-06-2021,-0.009245496554889265,0,LKFN
21-06-2021,0.017997028160351425,1,LKFN
22-06-2021,-0.007366213102434016,0,LKFN
23-06-2021,0.009894544668076266,0,LKFN
24-06-2021,0.019921581591210158,0,LKFN
25-06-2021,0.009766262724170138,1,LKFN
28-06-2021,-0.029173961206432897,0,LKFN
29-06-2021,0.00489953859085368,0,LKFN
30-06-2021,0.0017877716494014706,1,LKFN
01-07-2021,-0.0004866700161284543,1,LKFN
02-07-2021,-0.01671807382140078,1,LKFN
06-07-2021,-0.034995074113780666,1,LKFN
07-07-2021,-0.001539494650625306,0,LKFN
08-07-2021,0.0008565570063339134,0,LKFN
09-07-2021,0.03303664332056022,0,LKFN
12-07-2021,0.009776336336030811,1,LKFN
13-07-2021,-0.033475522960402015,1,LKFN
14-07-2021,-0.0005093748025268852,0,LKFN
15-07-2021,0.013928942273655265,1,LKFN
16-07-2021,-0.009884370568049583,1,LKFN
19-07-2021,-0.034179284252909614,0,LKFN
20-07-2021,0.014716112104218082,0,LKFN
21-07-2021,0.006042814648527406,1,LKFN
22-07-2021,-0.029518368297330677,0,LKFN
23-07-2021,0.012984694528386242,0,LKFN
26-07-2021,0.03441613798446408,0,LKFN
27-07-2021,0.00695976656720565,0,LKFN
28-07-2021,0.1048550447185157,0,LKFN
29-07-2021,0.018919710809399026,0,LKFN
30-07-2021,0.001347768327798482,0,LKFN
02-08-2021,0.011365253112312512,1,LKFN
03-08-2021,-0.0017742883640503582,1,LKFN
04-08-2021,-0.005332552199081686,0,LKFN
05-08-2021,0.039463908647233925,0,LKFN
06-08-2021,0.030515718628816524,0,LKFN
09-08-2021,0.005978038417230991,1,LKFN
10-08-2021,-0.0005528042453004645,0,LKFN
11-08-2021,0.007466826850194064,1,LKFN
12-08-2021,-0.002196042557905842,1,LKFN
13-08-2021,-0.01072900704318025,1,LKFN
16-08-2021,-0.022524960489876733,1,LKFN
17-08-2021,-0.03300141670144929,1,LKFN
18-08-2021,-0.01309218851270022,1,LKFN
19-08-2021,-0.010433700796714018,0,LKFN
20-08-2021,0.006928740604031036,0,LKFN
23-08-2021,0.007629052324180652,1,LKFN
24-08-2021,-0.006235127154686659,1,LKFN
25-08-2021,-0.004929815043606345,1,LKFN
26-08-2021,-0.022068776568584525,0,LKFN
27-08-2021,0.020878118254445077,1,LKFN
30-08-2021,-0.016541330437911173,0,LKFN
31-08-2021,0.015443457380208248,0,LKFN
01-09-2021,0.0016562712677545832,0,LKFN
02-09-2021,0.01413112580943321,1,LKFN
03-09-2021,-0.004743547274934312,1,LKFN
07-09-2021,-0.005659774454459643,1,LKFN
08-09-2021,-0.004194109801337498,1,LKFN
09-09-2021,-0.0009026050685664311,1,LKFN
10-09-2021,-0.009485053760698858,1,LKFN
13-09-2021,-0.013527882311343498,1,LKFN
14-09-2021,-0.012480819244130359,0,LKFN
15-09-2021,0.0012482732973317923,1,LKFN
16-09-2021,-0.016206905571229724,0,LKFN
17-09-2021,0.02281005231023636,1,LKFN
20-09-2021,-0.014557823000645453,1,LKFN
21-09-2021,-0.004086156402105634,0,LKFN
22-09-2021,0.014360105140450719,0,LKFN
23-09-2021,0.023957699825335688,0,LKFN
24-09-2021,0.015344912502482044,0,LKFN
27-09-2021,0.04773297508020402,0,LKFN
28-09-2021,0.00971151582086116,0,LKFN
29-09-2021,0.004243324819058092,0,LKFN
30-09-2021,0.0033802516023877516,0,LKFN
01-10-2021,0.015300449185435827,1,LKFN
04-10-2021,-0.001106067040362535,0,LKFN
05-10-2021,0.02020759978508857,0,LKFN
06-10-2021,0.0010853592734820783,0,LKFN
07-10-2021,0.013009880370805638,0,LKFN
08-10-2021,0.0036119952249686893,1,LKFN
11-10-2021,-0.01999466898321478,0,LKFN
12-10-2021,0.0029923997653482637,0,LKFN
13-10-2021,0.0010849177294862677,0,LKFN
14-10-2021,0.012869099866831712,0,LKFN
15-10-2021,0.006954718413902272,0,LKFN
18-10-2021,0.00557840568253587,0,LKFN
19-10-2021,0.005943793198764036,0,LKFN
20-10-2021,0.014968478661137485,1,LKFN
21-10-2021,-0.0005174762477119232,0,LKFN
22-10-2021,0.01139007544765902,0,LKFN
25-10-2021,0.009598157228797755,1,LKFN
26-10-2021,-0.057294925567707655,1,LKFN
27-10-2021,-0.02998525312056788,1,LKFN
28-10-2021,-0.0005544901007177305,1,LKFN
29-10-2021,-0.0031899546797024003,0,LKFN
01-11-2021,0.0005565731737675605,0,LKFN
02-11-2021,0.0012515134655464166,0,LKFN
03-11-2021,0.017500029669867523,1,LKFN
04-11-2021,-0.012558091339242017,0,LKFN
05-11-2021,0.020458991316790964,0,LKFN
08-11-2021,0.006773232214400293,0,LKFN
09-11-2021,0.009015045367283259,0,LKFN
10-11-2021,0.004934027965358689,0,LKFN
11-11-2021,0.00039807297046068335,1,LKFN
12-11-2021,-0.022416798714529507,1,LKFN
15-11-2021,-0.0010854030525446756,1,LKFN
16-11-2021,-0.0035316778936488324,1,LKFN
17-11-2021,-0.0008178511190645166,0,LKFN
18-11-2021,0.0012277808205147789,0,LKFN
19-11-2021,0.010900709339297876,1,LKFN
22-11-2021,-0.0029653755689909023,0,LKFN
23-11-2021,0.012572668511941165,1,LKFN
24-11-2021,-0.008945235718237243,1,LKFN
26-11-2021,-0.04445645833922185,1,LKFN
29-11-2021,-0.004088550885092634,1,LKFN
30-11-2021,-0.00028307818855011213,0,LKFN
01-12-2021,0.008212888404174334,0,LKFN
02-12-2021,0.033848367491662756,1,LKFN
03-12-2021,-0.011275666678067786,0,LKFN
06-12-2021,0.018961320499569112,1,LKFN
07-12-2021,-0.009034597697601954,0,LKFN
08-12-2021,0.004762532103619099,1,LKFN
09-12-2021,-0.004333690556536651,0,LKFN
10-12-2021,0.009657327887461875,1,LKFN
13-12-2021,-0.010777354379347348,0,LKFN
14-12-2021,0.0029960672720794612,1,LKFN
15-12-2021,-0.014120853957646062,0,LKFN
16-12-2021,0.03690952048819729,0,LKFN
17-12-2021,0.005976848755083308,1,LKFN
20-12-2021,-0.011618659601770553,0,LKFN
21-12-2021,0.013358268659454442,0,LKFN
22-12-2021,0.008963884783873777,0,LKFN
23-12-2021,0.018944302729267948,0,LKFN
27-12-2021,0.018848586497859365,0,LKFN
28-12-2021,0.0007550661878308329,0,LKFN
29-12-2021,0.0018863371756943081,0,LKFN
30-12-2021,0.0008786205150372872,0,LKFN
31-12-2021,0.00501632225476456,1,LKFN
03-01-2022,-0.014100290267333504,0,LKFN
04-01-2022,0.017213018270859193,1,LKFN
05-01-2022,-0.007838806286954991,0,LKFN
06-01-2022,0.03486329136911093,0,LKFN
07-01-2022,0.0105429324039501,0,LKFN
10-01-2022,0.00011994407367410531,1,LKFN
11-01-2022,-0.004796181277703981,0,LKFN
12-01-2022,0.00012050766542737179,0,LKFN
13-01-2022,0.018070111569667313,0,LKFN
14-01-2022,0.00414150355311671,1,LKFN
18-01-2022,-0.009427327904829474,1,LKFN
19-01-2022,-0.01855814422914248,1,LKFN
20-01-2022,-0.02969693270596596,1,LKFN
21-01-2022,-0.0026234441706567413,0,LKFN
24-01-2022,0.017409908351702974,1,LKFN
25-01-2022,-0.011079668702267509,0,LKFN
26-01-2022,0.004481521251657572,1,LKFN
27-01-2022,-0.00855127550538004,1,LKFN
28-01-2022,-0.007999992370605447,0,LKFN
31-01-2022,0.00718245577671861,0,LKFN
01-02-2022,0.008882760937843681,1,LKFN
02-02-2022,-0.01661701820477246,0,LKFN
03-02-2022,0.02131140916739538,1,LKFN
04-02-2022,-0.00012340421162559956,0,LKFN
07-02-2022,0.008767585268466993,0,LKFN
08-02-2022,0.016770658296529684,1,LKFN
09-02-2022,-0.024801319758534168,0,LKFN
10-02-2022,0.0009876769266010665,0,LKFN
11-02-2022,0.004810056497791759,1,LKFN
14-02-2022,-0.003314155743406655,0,LKFN
15-02-2022,0.011083763050540263,1,LKFN
16-02-2022,-0.011205824434153966,1,LKFN
17-02-2022,-0.021310708923750643,0,LKFN
18-02-2022,0.0017621069229196706,0,LKFN
22-02-2022,0.008418216222745079,1,LKFN
23-02-2022,-0.013830059566500963,1,LKFN
24-02-2022,-0.02122552460882121,0,LKFN
25-02-2022,0.03807921649359458,1,LKFN
28-02-2022,-0.0026112793988317673,1,LKFN
01-03-2022,-0.037775823636475137,0,LKFN
02-03-2022,0.03666755402778743,0,LKFN
03-03-2022,0.0036245582775209506,1,LKFN
04-03-2022,-0.01880450907650888,1,LKFN
07-03-2022,-0.02005332926380654,0,LKFN
08-03-2022,0.009195688290267512,0,LKFN
09-03-2022,0.00872690350558547,0,LKFN
10-03-2022,0.003435168927513832,0,LKFN
11-03-2022,0.014327338836905845,0,LKFN
14-03-2022,0.0212499618530273,1,LKFN
15-03-2022,-0.010403898480676577,0,LKFN
16-03-2022,0.00012371226245200262,1,LKFN
17-03-2022,-0.027454875141553314,1,LKFN
18-03-2022,-0.012843363988675471,1,LKFN
21-03-2022,-0.0005152765289526684,0,LKFN
22-03-2022,0.0005155421757354617,1,LKFN
23-03-2022,-0.03259047879440036,0,LKFN
24-03-2022,0.012649861477215474,0,LKFN
25-03-2022,0.003681772098106384,1,LKFN
28-03-2022,-0.01742436524498525,0,LKFN
29-03-2022,0.009866638183593679,1,LKFN
30-03-2022,-0.022049091841130908,1,LKFN
31-03-2022,-0.014445790458117003,0,LKFN
01-04-2022,0.003424657534246478,0,LKFN
04-04-2022,0.0005460875839911061,1,LKFN
05-04-2022,-0.0023195274501530694,1,LKFN
06-04-2022,-0.001504384658364999,0,LKFN
07-04-2022,0.0012326576531622724,1,LKFN
08-04-2022,-0.0036935246060503246,0,LKFN
11-04-2022,0.0061787304260414455,1,LKFN
12-04-2022,-0.00736900824949116,0,LKFN
13-04-2022,0.02089640248969582,1,LKFN
14-04-2022,-0.0035012406241720084,0,LKFN
18-04-2022,0.00418915619721294,0,LKFN
19-04-2022,0.02247350091786826,0,LKFN
20-04-2022,0.02145297685445846,0,LKFN
21-04-2022,0.005025117724279715,1,LKFN
22-04-2022,-0.020512800950270416,0,LKFN
25-04-2022,0.007460728840838371,1,LKFN
26-04-2022,-0.03832667962649372,1,LKFN
27-04-2022,-0.010132397109075764,1,LKFN
28-04-2022,-0.004367404251198415,1,LKFN
29-04-2022,-0.0017820049192078802,0,LKFN
02-05-2022,0.00329576853577751,0,LKFN
03-05-2022,0.008349310576726277,0,LKFN
04-05-2022,0.020361070140928916,1,LKFN
05-05-2022,-0.014633477463293798,1,LKFN
06-05-2022,-0.014040784660621752,0,LKFN
09-05-2022,0.004381756814638482,1,LKFN
10-05-2022,-0.028629836643582207,1,LKFN
11-05-2022,-0.002245665433113997,0,LKFN
12-05-2022,0.0019694334822795145,1,LKFN
13-05-2022,-0.018812352999204474,0,LKFN
16-05-2022,0.008012556352614553,0,LKFN
17-05-2022,0.019304480756056286,1,LKFN
18-05-2022,-0.018103265096235943,1,LKFN
19-05-2022,-0.024110119502651406,0,LKFN
20-05-2022,0.019473972021930352,0,LKFN
23-05-2022,0.020812531043695737,0,LKFN
24-05-2022,0.0005585939838905762,0,LKFN
25-05-2022,0.004745238390090334,0,LKFN
26-05-2022,0.0036116425051502254,0,LKFN
27-05-2022,0.014948122229130556,1,LKFN
31-05-2022,-0.015955245325656398,1,LKFN
01-06-2022,-0.004018859490158566,0,LKFN
02-06-2022,0.006957005438875896,1,LKFN
03-06-2022,-0.026115784412315768,0,LKFN
06-06-2022,0.003972740720213475,1,LKFN
07-06-2022,-0.006359589655895559,1,LKFN
08-06-2022,-0.021476241775965965,1,LKFN
09-06-2022,-0.02223846425617726,1,LKFN
10-06-2022,-0.017541257084296324,0,LKFN
13-06-2022,0.014676974950095456,0,LKFN
14-06-2022,0.0007456464893862425,0,LKFN
15-06-2022,0.008493513479961079,1,LKFN
16-06-2022,-0.026891248324729,0,LKFN
17-06-2022,0.009262080241397408,0,LKFN
21-06-2022,0.014893904702700356,1,LKFN
22-06-2022,-0.00963536221020378,1,LKFN
23-06-2022,-0.014518803414899306,0,LKFN
24-06-2022,0.02825031460825178,1,LKFN
27-06-2022,-0.015509534264322333,0,LKFN
28-06-2022,0.00015006955741148076,1,LKFN
29-06-2022,-0.010501118199527038,0,LKFN
30-06-2022,0.006973909806814227,0,LKFN
01-07-2022,0.013098506030805757,0,LKFN
05-07-2022,0.005647157798303493,1,LKFN
06-07-2022,-0.0007388122316549506,1,LKFN
07-07-2022,-0.007838012232529779,0,LKFN
08-07-2022,0.0023849108785687356,0,LKFN
11-07-2022,0.01888470844708401,1,LKFN
12-07-2022,-0.01853468630014765,1,LKFN
13-07-2022,-0.021412675708643136,1,LKFN
14-07-2022,-0.012156138155923868,0,LKFN
15-07-2022,0.021535171202504477,0,LKFN
18-07-2022,0.009938202022587772,0,LKFN
19-07-2022,0.025048461500223107,0,LKFN
20-07-2022,0.007854558771306808,0,LKFN
21-07-2022,0.005051211855918281,0,LKFN
22-07-2022,0.010769672696342436,0,LKFN
25-07-2022,0.04673960710406222,0,LKFN
26-07-2022,0.018593956852709148,1,LKFN
27-07-2022,-0.0014656976133059496,0,LKFN
28-07-2022,0.022284469102480164,0,LKFN
29-07-2022,0.015533251950470062,1,LKFN
01-08-2022,-0.01889461649153379,1,LKFN
02-08-2022,-0.018210393767905342,1,LKFN
03-08-2022,-0.003869774567382578,1,LKFN
04-08-2022,-0.01259212889741712,0,LKFN
05-08-2022,0.01804370977579972,0,LKFN
08-08-2022,0.007062883433243794,0,LKFN
09-08-2022,0.015217699226187431,0,LKFN
10-08-2022,0.008081270950504038,0,LKFN
11-08-2022,0.02017074297718846,0,LKFN
12-08-2022,0.004309205720092413,0,LKFN
15-08-2022,0.013881858957293547,0,LKFN
16-08-2022,0.0011202884165766314,1,LKFN
17-08-2022,-0.005097645910154158,0,LKFN
18-08-2022,0.005373660625028753,1,LKFN
19-08-2022,-0.003853294845905242,1,LKFN
22-08-2022,-0.02308458308224115,1,LKFN
23-08-2022,-0.013283955848326978,0,LKFN
24-08-2022,0.001423956121055836,1,LKFN
25-08-2022,-0.0009048564409506188,1,LKFN
26-08-2022,-0.012938284230232244,1,LKFN
29-08-2022,-0.01376331156320787,0,LKFN
30-08-2022,0.007974461604949301,1,LKFN
31-08-2022,-0.006592827322569272,1,LKFN
01-09-2022,-0.00039817866677793745,1,LKFN
02-09-2022,-0.0005311501370880434,1,LKFN
06-09-2022,-0.003852707573616221,0,LKFN
07-09-2022,0.012003118914253097,1,LKFN
08-09-2022,-0.010674717816456791,0,LKFN
09-09-2022,0.010523523627798959,0,LKFN
12-09-2022,0.012654878417462934,1,LKFN
13-09-2022,-0.01588129686995199,0,LKFN
14-09-2022,0.007010566005213548,0,LKFN
15-09-2022,0.026533618091917788,1,LKFN
16-09-2022,-0.009468942409738612,0,LKFN
19-09-2022,0.014855882212640559,0,LKFN
20-09-2022,0.00763755247151221,0,LKFN
21-09-2022,0.00012625702846857934,1,LKFN
22-09-2022,-0.011873119031856172,1,LKFN
23-09-2022,-0.021219526919044274,1,LKFN
26-09-2022,-0.005615780421700189,1,LKFN
27-09-2022,-0.02639876743292613,0,LKFN
28-09-2022,0.008228795804028355,1,LKFN
29-09-2022,-0.008964385711738077,1,LKFN
30-09-2022,-0.017010964512242488,0,LKFN
03-10-2022,0.01593192832036383,0,LKFN
04-10-2022,0.019467384313131664,1,LKFN
05-10-2022,-0.010210903528278581,1,LKFN
06-10-2022,-0.007100733971474038,1,LKFN
07-10-2022,-0.018216144420494462,0,LKFN
10-10-2022,0.014705877726897576,0,LKFN
11-10-2022,0.004063326763146469,0,LKFN
12-10-2022,0.002158419911475251,0,LKFN
13-10-2022,0.04415128198782026,1,LKFN
14-10-2022,-0.002836163743311193,0,LKFN
17-10-2022,0.019780204388869738,1,LKFN
18-10-2022,-0.007859978939852685,1,LKFN
19-10-2022,-0.0028111578673376547,1,LKFN
20-10-2022,-0.033700630735060466,0,LKFN
21-10-2022,0.009149910867308542,0,LKFN
24-10-2022,0.0067017364843167115,0,LKFN
25-10-2022,0.034721263693025195,0,LKFN
26-10-2022,0.028384005238844656,0,LKFN
27-10-2022,0.0038028115892305703,0,LKFN
28-10-2022,0.010876199067988868,1,LKFN
31-10-2022,-0.0008462245380951305,1,LKFN
01-11-2022,-0.011252272087189041,1,LKFN
02-11-2022,-0.019823821859802138,1,LKFN
03-11-2022,-0.002247194863979174,0,LKFN
04-11-2022,0.01951958488150285,1,LKFN
07-11-2022,-0.003068237477910296,1,LKFN
08-11-2022,-0.012680122690201578,1,LKFN
09-11-2022,-0.0031172071011591473,1,LKFN
10-11-2022,-0.003502173733391678,1,LKFN
11-11-2022,-0.03338767533387099,1,LKFN
14-11-2022,-0.008050937922131851,0,LKFN
15-11-2022,0.014399770688702906,1,LKFN
16-11-2022,-0.007097631146282812,1,LKFN
17-11-2022,-0.006758568442429502,1,LKFN
18-11-2022,-0.0020936408865273037,0,LKFN
21-11-2022,0.02648828463783537,1,LKFN
22-11-2022,-0.004471109856655442,1,LKFN
23-11-2022,-0.0028230619766661524,0,LKFN
25-11-2022,0.00669160054802842,1,LKFN
28-11-2022,-0.012910674842006808,0,LKFN
29-11-2022,0.0009064969401406664,0,LKFN
30-11-2022,0.021606910973781757,1,LKFN
01-12-2022,-0.009878404107659833,1,LKFN
02-12-2022,-0.0069071490588314965,1,LKFN
05-12-2022,-0.03735190042087455,1,LKFN
06-12-2022,-0.002408353095003757,1,LKFN
07-12-2022,-0.006706008803273766,0,LKFN
08-12-2022,0.0036457504909761518,0,LKFN
09-12-2022,0.003228815523441231,0,LKFN
12-12-2022,0.012203348073401399,0,LKFN
