Date,return,label,ticker
14-11-1984,0.020834011597411495,0,MGRC
15-11-1984,0.04081607793752906,1,MGRC
16-11-1984,-0.019607409215322558,0,MGRC
19-11-1984,0.0,0,MGRC
20-11-1984,0.01999954854782149,1,MGRC
21-11-1984,-0.019607409215322558,0,MGRC
23-11-1984,0.01999954854782149,1,MGRC
26-11-1984,-0.05882392995508667,1,MGRC
27-11-1984,-0.020832768113268063,0,MGRC
28-11-1984,0.021276006217166854,0,MGRC
29-11-1984,0.0,1,MGRC
30-11-1984,-0.020832768113268063,1,MGRC
03-12-1984,-0.06382998128684936,0,MGRC
04-12-1984,0.0,0,MGRC
05-12-1984,0.0,0,MGRC
06-12-1984,0.0,0,MGRC
07-12-1984,0.0,0,MGRC
10-12-1984,0.0,0,MGRC
11-12-1984,0.0,0,MGRC
12-12-1984,0.0,0,MGRC
13-12-1984,0.0,0,MGRC
14-12-1984,0.0,0,MGRC
17-12-1984,0.0,0,MGRC
18-12-1984,0.0,0,MGRC
19-12-1984,0.02272726431904326,0,MGRC
20-12-1984,0.0,0,MGRC
21-12-1984,0.0,0,MGRC
24-12-1984,0.0,0,MGRC
26-12-1984,0.0,0,MGRC
27-12-1984,0.0,0,MGRC
28-12-1984,0.0,0,MGRC
31-12-1984,0.022223058245198546,0,MGRC
02-01-1985,0.0,0,MGRC
03-01-1985,0.0,0,MGRC
04-01-1985,0.0,0,MGRC
07-01-1985,0.0,0,MGRC
08-01-1985,0.0,0,MGRC
09-01-1985,0.04347702999480729,0,MGRC
10-01-1985,0.0,0,MGRC
11-01-1985,0.0,0,MGRC
14-01-1985,0.041667571018771055,0,MGRC
15-01-1985,0.0,0,MGRC
16-01-1985,0.0,0,MGRC
17-01-1985,0.0,0,MGRC
18-01-1985,0.0,0,MGRC
21-01-1985,0.03999942266211809,0,MGRC
22-01-1985,0.0,0,MGRC
23-01-1985,0.0,0,MGRC
24-01-1985,0.0,0,MGRC
25-01-1985,0.0,0,MGRC
28-01-1985,0.0,0,MGRC
29-01-1985,0.0,0,MGRC
30-01-1985,0.0,0,MGRC
31-01-1985,0.07692284414612893,0,MGRC
01-02-1985,0.0,0,MGRC
04-02-1985,0.07142943656124023,0,MGRC
05-02-1985,0.0,0,MGRC
06-02-1985,0.0,0,MGRC
07-02-1985,0.0,0,MGRC
08-02-1985,0.0,0,MGRC
11-02-1985,0.0,0,MGRC
12-02-1985,0.0,0,MGRC
13-02-1985,0.0,0,MGRC
14-02-1985,0.0,0,MGRC
15-02-1985,0.0,0,MGRC
19-02-1985,0.0,0,MGRC
20-02-1985,0.033333031882904374,0,MGRC
21-02-1985,0.0,0,MGRC
22-02-1985,0.0,0,MGRC
25-02-1985,0.0,0,MGRC
26-02-1985,0.0,0,MGRC
27-02-1985,0.0,0,MGRC
28-02-1985,0.0,0,MGRC
01-03-1985,0.0,0,MGRC
04-03-1985,0.03225839482559212,0,MGRC
05-03-1985,0.0,0,MGRC
06-03-1985,0.031249631724144855,0,MGRC
07-03-1985,0.030303095077523823,0,MGRC
08-03-1985,0.05882341206511321,0,MGRC
11-03-1985,0.0,0,MGRC
12-03-1985,0.027778064574474293,1,MGRC
13-03-1985,-0.02702729853061725,0,MGRC
14-03-1985,0.0,0,MGRC
15-03-1985,0.0,1,MGRC
18-03-1985,-0.027777989211838716,0,MGRC
19-03-1985,0.0,1,MGRC
20-03-1985,-0.028571109648989568,0,MGRC
21-03-1985,0.0,0,MGRC
22-03-1985,0.0,0,MGRC
25-03-1985,0.0,0,MGRC
26-03-1985,0.02941142674752628,0,MGRC
27-03-1985,0.0,0,MGRC
28-03-1985,0.0,0,MGRC
29-03-1985,0.0,0,MGRC
01-04-1985,0.0,0,MGRC
02-04-1985,0.042856897021096074,0,MGRC
03-04-1985,0.0,0,MGRC
04-04-1985,0.0,0,MGRC
08-04-1985,0.0,0,MGRC
09-04-1985,0.0,0,MGRC
10-04-1985,0.0,1,MGRC
11-04-1985,-0.013698183136936604,0,MGRC
12-04-1985,0.0,0,MGRC
15-04-1985,0.0,0,MGRC
16-04-1985,0.04166619251008452,0,MGRC
17-04-1985,0.013334128198485118,0,MGRC
18-04-1985,0.013157455086819203,1,MGRC
19-04-1985,-0.02597436733667602,0,MGRC
22-04-1985,0.04000050354321494,0,MGRC
23-04-1985,0.0,0,MGRC
24-04-1985,0.0,0,MGRC
25-04-1985,0.0,1,MGRC
26-04-1985,-0.02564073310914694,1,MGRC
29-04-1985,-0.013158668821497743,0,MGRC
30-04-1985,0.0,1,MGRC
01-05-1985,-0.013332608887060338,1,MGRC
02-05-1985,-0.02702729853061725,0,MGRC
03-05-1985,0.027778064574474293,0,MGRC
06-05-1985,0.0,0,MGRC
07-05-1985,0.0,1,MGRC
08-05-1985,-0.013514235871605718,0,MGRC
09-05-1985,0.0,0,MGRC
10-05-1985,0.0,0,MGRC
13-05-1985,0.013699372421806855,1,MGRC
14-05-1985,-0.05405452373544728,0,MGRC
15-05-1985,0.0,0,MGRC
16-05-1985,0.0,0,MGRC
17-05-1985,0.0,0,MGRC
20-05-1985,0.014285864887977118,0,MGRC
21-05-1985,0.0,0,MGRC
22-05-1985,0.0,0,MGRC
23-05-1985,0.0,0,MGRC
24-05-1985,0.0,0,MGRC
28-05-1985,0.0,0,MGRC
29-05-1985,0.0,0,MGRC
30-05-1985,0.0,0,MGRC
31-05-1985,0.014084577007966503,0,MGRC
03-06-1985,0.013888429386152534,0,MGRC
04-06-1985,0.0,1,MGRC
05-06-1985,-0.013698183136936604,1,MGRC
06-06-1985,-0.027777989211838716,0,MGRC
07-06-1985,0.028571652260083624,0,MGRC
10-06-1985,0.0,1,MGRC
11-06-1985,-0.027777989211838716,1,MGRC
12-06-1985,-0.0428571295687078,0,MGRC
13-06-1985,0.0,1,MGRC
14-06-1985,-0.014925125339111833,0,MGRC
17-06-1985,0.0,0,MGRC
18-06-1985,0.015151259790531002,1,MGRC
19-06-1985,-0.04477553799079392,0,MGRC
20-06-1985,0.031249631724144855,1,MGRC
21-06-1985,-0.030302684008622238,0,MGRC
24-06-1985,0.06249968736294309,0,MGRC
25-06-1985,0.0,0,MGRC
26-06-1985,0.0,1,MGRC
27-06-1985,-0.044118097669964884,0,MGRC
28-06-1985,0.0,0,MGRC
01-07-1985,0.04615433931997637,1,MGRC
02-07-1985,-0.058823252473667376,0,MGRC
03-07-1985,0.015624222381557695,0,MGRC
05-07-1985,0.01538503020925086,1,MGRC
08-07-1985,-0.030302684008622238,0,MGRC
09-07-1985,0.06249968736294309,1,MGRC
10-07-1985,-0.029411825726141094,0,MGRC
11-07-1985,0.030303095077523823,0,MGRC
12-07-1985,0.0,1,MGRC
15-07-1985,-0.029411825726141094,0,MGRC
16-07-1985,0.06060577908614606,0,MGRC
17-07-1985,0.028571652260083624,1,MGRC
18-07-1985,-0.027777989211838716,0,MGRC
19-07-1985,0.0,0,MGRC
22-07-1985,0.028571652260083624,0,MGRC
23-07-1985,0.0,1,MGRC
24-07-1985,-0.01388895692460157,0,MGRC
25-07-1985,0.014084577007966503,1,MGRC
26-07-1985,-0.027777989211838716,0,MGRC
29-07-1985,0.028571652260083624,0,MGRC
30-07-1985,0.0,0,MGRC
31-07-1985,0.0,1,MGRC
01-08-1985,-0.027777989211838716,0,MGRC
02-08-1985,0.028571652260083624,1,MGRC
05-08-1985,-0.027777989211838716,0,MGRC
06-08-1985,0.0,1,MGRC
07-08-1985,-0.014285709856235784,0,MGRC
08-08-1985,0.0,0,MGRC
09-08-1985,0.0,1,MGRC
12-08-1985,-0.014492434507234586,0,MGRC
13-08-1985,0.0,0,MGRC
14-08-1985,0.0,1,MGRC
15-08-1985,-0.058823252473667376,0,MGRC
16-08-1985,0.0,0,MGRC
19-08-1985,0.0,0,MGRC
20-08-1985,0.06249968736294309,1,MGRC
21-08-1985,-0.029411825726141094,1,MGRC
22-08-1985,-0.030302684008622238,0,MGRC
23-08-1985,0.0,0,MGRC
26-08-1985,0.0,0,MGRC
27-08-1985,0.031249631724144855,1,MGRC
28-08-1985,-0.030302684008622238,0,MGRC
29-08-1985,0.0,0,MGRC
30-08-1985,0.06249968736294309,0,MGRC
03-09-1985,0.02941142674752628,0,MGRC
04-09-1985,0.0,0,MGRC
05-09-1985,0.0,0,MGRC
06-09-1985,0.0,0,MGRC
09-09-1985,0.028571652260083624,1,MGRC
10-09-1985,-0.01388895692460157,1,MGRC
11-09-1985,-0.014084653432052896,0,MGRC
12-09-1985,0.014285864887977118,0,MGRC
13-09-1985,0.014084577007966503,0,MGRC
16-09-1985,0.0,1,MGRC
17-09-1985,-0.0555554508852284,1,MGRC
18-09-1985,-0.029411825726141094,0,MGRC
19-09-1985,0.0,0,MGRC
20-09-1985,0.030303095077523823,1,MGRC
23-09-1985,-0.029411825726141094,0,MGRC
24-09-1985,0.06060577908614606,0,MGRC
25-09-1985,0.0,1,MGRC
26-09-1985,-0.0428571295687078,0,MGRC
30-09-1985,0.0,0,MGRC
01-10-1985,0.0,0,MGRC
02-10-1985,0.04477610489789896,1,MGRC
03-10-1985,-0.0428571295687078,0,MGRC
04-10-1985,0.0,0,MGRC
07-10-1985,0.0,0,MGRC
08-10-1985,0.014925692246217093,1,MGRC
09-10-1985,-0.029411825726141094,0,MGRC
10-10-1985,0.0,0,MGRC
11-10-1985,0.0,0,MGRC
14-10-1985,0.030303095077523823,1,MGRC
15-10-1985,-0.029411825726141094,0,MGRC
16-10-1985,0.015151259790531002,0,MGRC
17-10-1985,0.014925692246217093,1,MGRC
18-10-1985,-0.01470619214810076,0,MGRC
21-10-1985,0.0,0,MGRC
22-10-1985,0.0,0,MGRC
23-10-1985,0.014925692246217093,1,MGRC
24-10-1985,-0.01470619214810076,0,MGRC
25-10-1985,0.0,0,MGRC
28-10-1985,0.0,0,MGRC
29-10-1985,0.0,0,MGRC
30-10-1985,0.014925692246217093,0,MGRC
31-10-1985,0.08823547717842328,0,MGRC
01-11-1985,0.0,0,MGRC
04-11-1985,0.0,1,MGRC
05-11-1985,-0.013514235871605718,0,MGRC
06-11-1985,0.013699372421806855,0,MGRC
07-11-1985,0.0,0,MGRC
08-11-1985,0.0,0,MGRC
11-11-1985,0.0,0,MGRC
12-11-1985,0.0,0,MGRC
13-11-1985,0.0,0,MGRC
14-11-1985,0.05405379047757597,1,MGRC
15-11-1985,-0.02564073310914694,1,MGRC
18-11-1985,-0.02631583832368678,0,MGRC
19-11-1985,0.05405379047757597,0,MGRC
20-11-1985,0.038461864884305585,0,MGRC
21-11-1985,0.049382204121202866,1,MGRC
22-11-1985,-0.011764254520077788,0,MGRC
25-11-1985,0.0,0,MGRC
26-11-1985,0.0,1,MGRC
27-11-1985,-0.023809374622312363,0,MGRC
29-11-1985,0.03658473399137918,1,MGRC
02-12-1985,-0.023529594262264752,0,MGRC
03-12-1985,0.03614476734892924,0,MGRC
04-12-1985,0.0,0,MGRC
05-12-1985,0.023255805149631437,0,MGRC
06-12-1985,0.0,0,MGRC
09-12-1985,0.022727264319043483,0,MGRC
10-12-1985,0.0,0,MGRC
11-12-1985,0.022223058245198324,0,MGRC
12-12-1985,0.06521684253935156,0,MGRC
13-12-1985,0.10204041631766092,1,MGRC
16-12-1985,-0.07407354932671506,0,MGRC
17-12-1985,0.0,1,MGRC
18-12-1985,-0.04000083345017558,0,MGRC
19-12-1985,0.010416892754692597,1,MGRC
20-12-1985,-0.010309499800912003,0,MGRC
23-12-1985,0.0,0,MGRC
24-12-1985,0.0,0,MGRC
26-12-1985,0.020834011597411273,0,MGRC
27-12-1985,0.0,0,MGRC
30-12-1985,0.0,0,MGRC
31-12-1985,0.010203631905166599,0,MGRC
02-01-1986,0.020202344628231783,1,MGRC
03-01-1986,-0.009900662436664986,0,MGRC
06-01-1986,0.0,1,MGRC
07-01-1986,-0.02000019968077127,1,MGRC
08-01-1986,-0.020408814127195973,1,MGRC
09-01-1986,-0.04166553622653657,1,MGRC
10-01-1986,-0.021739930503375193,0,MGRC
13-01-1986,0.0,0,MGRC
14-01-1986,0.022223058245198324,0,MGRC
15-01-1986,0.06521684253935156,1,MGRC
16-01-1986,-0.020408814127195973,0,MGRC
17-01-1986,0.0,1,MGRC
20-01-1986,-0.020832768113268285,0,MGRC
21-01-1986,0.04255328237485334,1,MGRC
22-01-1986,-0.06122400616937518,1,MGRC
23-01-1986,-0.04347903529493369,0,MGRC
24-01-1986,0.03409114311995687,0,MGRC
27-01-1986,0.010989600712287162,0,MGRC
28-01-1986,0.08695618324857213,0,MGRC
29-01-1986,0.03999942266211809,0,MGRC
30-01-1986,0.009615277257050803,1,MGRC
31-01-1986,-0.028571215956447293,0,MGRC
03-02-1986,0.039216414345444095,1,MGRC
04-02-1986,-0.047170372475593525,0,MGRC
05-02-1986,0.00990087733209899,1,MGRC
06-02-1986,-0.01960740921532278,0,MGRC
07-02-1986,0.01999954854782149,0,MGRC
10-02-1986,0.0,1,MGRC
11-02-1986,-0.01960740921532278,0,MGRC
12-02-1986,0.0,1,MGRC
13-02-1986,-0.02000019968077127,0,MGRC
14-02-1986,0.0,0,MGRC
18-02-1986,0.02040837117952088,0,MGRC
19-02-1986,0.0,1,MGRC
20-02-1986,-0.02000019968077127,0,MGRC
21-02-1986,0.030612113821606446,0,MGRC
24-02-1986,0.00990087733209899,1,MGRC
25-02-1986,-0.01960740921532278,0,MGRC
26-02-1986,0.01999954854782149,1,MGRC
27-02-1986,-0.009803811001981244,0,MGRC
28-02-1986,0.0,0,MGRC
03-03-1986,0.00990087733209899,0,MGRC
04-03-1986,0.009804342973580793,0,MGRC
05-03-1986,0.0,1,MGRC
06-03-1986,-0.009709151125959603,0,MGRC
07-03-1986,0.0,0,MGRC
10-03-1986,0.039216414345444095,0,MGRC
11-03-1986,0.009433337363667693,0,MGRC
12-03-1986,0.02803787607251884,1,MGRC
13-03-1986,-0.009091590717607567,0,MGRC
14-03-1986,0.027522728435788624,0,MGRC
17-03-1986,0.035714669833190715,0,MGRC
18-03-1986,0.0,0,MGRC
19-03-1986,0.008620779176310878,1,MGRC
20-03-1986,-0.008547096544402999,0,MGRC
21-03-1986,0.0,1,MGRC
24-03-1986,-0.017241184138133026,0,MGRC
25-03-1986,0.0,0,MGRC
26-03-1986,0.0,1,MGRC
27-03-1986,-0.03508741033235874,0,MGRC
31-03-1986,0.0,0,MGRC
01-04-1986,0.018180912335810984,1,MGRC
02-04-1986,-0.008928182984003108,1,MGRC
03-04-1986,-0.018018204745607336,1,MGRC
04-04-1986,-0.04587154593188025,0,MGRC
07-04-1986,0.028846353512587797,0,MGRC
08-04-1986,0.02803787607251884,1,MGRC
09-04-1986,-0.018182490839744325,0,MGRC
10-04-1986,0.03703682490512605,1,MGRC
11-04-1986,-0.017856269073147413,0,MGRC
14-04-1986,0.0,0,MGRC
15-04-1986,0.009090406839657561,0,MGRC
16-04-1986,0.009008613534067456,1,MGRC
17-04-1986,-0.008928182984003108,1,MGRC
18-04-1986,-0.009008515766320224,0,MGRC
21-04-1986,0.009090406839657561,0,MGRC
22-04-1986,0.027027209350663828,0,MGRC
23-04-1986,0.0,0,MGRC
24-04-1986,0.0,0,MGRC
25-04-1986,0.0,0,MGRC
28-04-1986,0.0,0,MGRC
29-04-1986,0.0,0,MGRC
30-04-1986,0.00877154319968132,1,MGRC
01-05-1986,-0.017390921955725225,0,MGRC
02-05-1986,0.026548462644072846,1,MGRC
05-05-1986,-0.017241184138133026,0,MGRC
06-05-1986,0.0,1,MGRC
07-05-1986,-0.03508741033235874,0,MGRC
08-05-1986,0.05454490745034124,1,MGRC
09-05-1986,-0.00862087272993306,1,MGRC
12-05-1986,-0.008695272243563923,0,MGRC
13-05-1986,0.0,1,MGRC
14-05-1986,-0.017544419127891064,0,MGRC
15-05-1986,0.0,0,MGRC
16-05-1986,0.0,0,MGRC
19-05-1986,0.017857722496031014,0,MGRC
20-05-1986,0.0,1,MGRC
21-05-1986,-0.017544419127891064,0,MGRC
22-05-1986,0.035714669833190715,1,MGRC
23-05-1986,-0.017241184138133026,0,MGRC
27-05-1986,0.035087695917043416,0,MGRC
28-05-1986,0.0,1,MGRC
29-05-1986,-0.03389828326184208,0,MGRC
30-05-1986,0.0,0,MGRC
02-06-1986,0.017543657568731996,1,MGRC
03-06-1986,-0.017241184138133026,0,MGRC
04-06-1986,0.0,0,MGRC
05-06-1986,0.00877154319968132,0,MGRC
06-06-1986,0.008695838446459936,1,MGRC
09-06-1986,-0.017241184138133026,0,MGRC
10-06-1986,0.0,0,MGRC
11-06-1986,0.0,1,MGRC
12-06-1986,-0.017544419127891064,0,MGRC
13-06-1986,0.0,0,MGRC
16-06-1986,0.0,0,MGRC
17-06-1986,0.017857722496031014,1,MGRC
18-06-1986,-0.017544419127891064,0,MGRC
19-06-1986,0.017857722496031014,1,MGRC
20-06-1986,-0.017544419127891064,0,MGRC
23-06-1986,0.0,0,MGRC
24-06-1986,0.0,0,MGRC
25-06-1986,0.00892915193259225,1,MGRC
26-06-1986,-0.00885012779687111,0,MGRC
27-06-1986,0.017857722496031014,0,MGRC
30-06-1986,0.0,0,MGRC
01-07-1986,0.0,0,MGRC
02-07-1986,0.07017539183408683,0,MGRC
03-07-1986,0.016393432415274134,0,MGRC
07-07-1986,0.016128847341228214,1,MGRC
08-07-1986,-0.04761859646853239,0,MGRC
09-07-1986,0.01666638028875944,1,MGRC
10-07-1986,-0.06557372966109676,0,MGRC
11-07-1986,0.035087695917043416,0,MGRC
14-07-1986,0.0,1,MGRC
15-07-1986,-0.050847976700471365,1,MGRC
16-07-1986,-0.017856269073147413,0,MGRC
17-07-1986,0.03636330451905945,1,MGRC
18-07-1986,-0.017544419127891064,1,MGRC
21-07-1986,-0.017856269073147413,1,MGRC
22-07-1986,-0.018182490839744325,1,MGRC
23-07-1986,-0.03703702587219959,1,MGRC
24-07-1986,-0.03846100467991631,0,MGRC
25-07-1986,0.0,1,MGRC
28-07-1986,-0.04000083345017558,1,MGRC
29-07-1986,-0.020832768113268285,0,MGRC
30-07-1986,0.010638407180566967,0,MGRC
31-07-1986,0.05263177134125763,0,MGRC
01-08-1986,0.01999954854782149,0,MGRC
04-08-1986,0.0,0,MGRC
05-08-1986,0.039216414345444095,0,MGRC
06-08-1986,0.0,1,MGRC
07-08-1986,-0.037736523215084805,0,MGRC
08-08-1986,0.0,0,MGRC
11-08-1986,0.029411539400263642,0,MGRC
12-08-1986,0.0,1,MGRC
13-08-1986,-0.00952370420064752,0,MGRC
14-08-1986,0.009615277257050803,1,MGRC
15-08-1986,-0.019046994983275667,0,MGRC
18-08-1986,0.0,0,MGRC
19-08-1986,0.009708202874067151,1,MGRC
20-08-1986,-0.019230658862388728,0,MGRC
21-08-1986,0.01960772839828251,1,MGRC
22-08-1986,-0.019230658862388728,0,MGRC
25-08-1986,0.0,0,MGRC
26-08-1986,0.0,0,MGRC
27-08-1986,0.0,1,MGRC
28-08-1986,-0.03921545679656491,0,MGRC
29-08-1986,0.02040837117952088,0,MGRC
02-09-1986,0.0,1,MGRC
03-09-1986,-0.030000625087631683,1,MGRC
04-09-1986,-0.010309499800912003,1,MGRC
05-09-1986,-0.04166553622653657,1,MGRC
08-09-1986,-0.08695683202214233,0,MGRC
09-09-1986,0.04761855545505056,0,MGRC
10-09-1986,0.0,1,MGRC
11-09-1986,-0.13636321595217338,0,MGRC
12-09-1986,0.03947357899513615,1,MGRC
15-09-1986,-0.012658424339132557,0,MGRC
16-09-1986,0.025641428764224594,0,MGRC
17-09-1986,0.0,0,MGRC
18-09-1986,0.0,0,MGRC
19-09-1986,0.025000044087122975,0,MGRC
22-09-1986,0.02439008734907744,1,MGRC
23-09-1986,-0.023809374622312363,0,MGRC
24-09-1986,0.02439008734907744,1,MGRC
25-09-1986,-0.05952388873145298,0,MGRC
26-09-1986,0.03797492959280757,1,MGRC
29-09-1986,-0.04878090259058898,0,MGRC
30-09-1986,0.025641428764224594,1,MGRC
01-10-1986,-0.02500038321884035,0,MGRC
02-10-1986,0.025641428764224594,0,MGRC
03-10-1986,0.012499920304046341,0,MGRC
06-10-1986,0.024690666632189773,0,MGRC
07-10-1986,0.03614476734892924,1,MGRC
08-10-1986,-0.02325536348946855,1,MGRC
09-10-1986,-0.023809374622312363,0,MGRC
10-10-1986,0.04877984383795719,1,MGRC
13-10-1986,-0.04651104245048199,0,MGRC
14-10-1986,0.04877984383795719,0,MGRC
15-10-1986,0.0,1,MGRC
16-10-1986,-0.04651104245048199,0,MGRC
17-10-1986,0.0,0,MGRC
20-10-1986,0.04877984383795719,1,MGRC
21-10-1986,-0.04651104245048199,0,MGRC
22-10-1986,0.012194315782104281,0,MGRC
23-10-1986,0.0,1,MGRC
24-10-1986,-0.012047405910081577,0,MGRC
27-10-1986,0.02439008734907744,0,MGRC
28-10-1986,0.011904299732008461,0,MGRC
29-10-1986,0.05882350688120197,1,MGRC
30-10-1986,-0.022222214183539757,0,MGRC
31-10-1986,0.0,1,MGRC
03-11-1986,-0.022727264319043594,0,MGRC
04-11-1986,0.0,0,MGRC
05-11-1986,0.0,0,MGRC
06-11-1986,0.0,0,MGRC
07-11-1986,0.0,0,MGRC
10-11-1986,0.04651161029926265,0,MGRC
11-11-1986,0.0,0,MGRC
12-11-1986,0.0,1,MGRC
13-11-1986,-0.044444428367079625,0,MGRC
14-11-1986,0.0,1,MGRC
17-11-1986,-0.011627902574815496,0,MGRC
18-11-1986,0.0,0,MGRC
19-11-1986,0.0,0,MGRC
20-11-1986,0.011764701376240305,1,MGRC
21-11-1986,-0.02325536348946855,0,MGRC
24-11-1986,0.0,0,MGRC
25-11-1986,0.02380905163968894,0,MGRC
26-11-1986,0.011627334726034944,0,MGRC
28-11-1986,0.0,1,MGRC
01-12-1986,-0.03448176716671103,0,MGRC
02-12-1986,0.03571322217864825,1,MGRC
03-12-1986,-0.03448176716671103,0,MGRC
04-12-1986,0.0,1,MGRC
05-12-1986,-0.023809374622312363,1,MGRC
08-12-1986,-0.04878090259058898,0,MGRC
09-12-1986,0.07692338194107262,0,MGRC
10-12-1986,0.0,0,MGRC
11-12-1986,0.02380905163968894,1,MGRC
12-12-1986,-0.02325536348946855,0,MGRC
15-12-1986,0.0,0,MGRC
16-12-1986,0.02380905163968894,0,MGRC
17-12-1986,0.0,0,MGRC
18-12-1986,0.0,0,MGRC
19-12-1986,0.09302347297576108,0,MGRC
22-12-1986,0.021276006217167076,0,MGRC
23-12-1986,0.0,0,MGRC
24-12-1986,0.0,0,MGRC
26-12-1986,0.0,0,MGRC
29-12-1986,0.0,1,MGRC
30-12-1986,-0.04166553622653657,0,MGRC
31-12-1986,0.06521684253935156,0,MGRC
02-01-1987,0.02040837117952088,0,MGRC
05-01-1987,0.01999954854782149,0,MGRC
06-01-1987,0.0,0,MGRC
07-01-1987,0.01960772839828251,1,MGRC
08-01-1987,-0.03846100467991631,0,MGRC
09-01-1987,0.03999942266211809,1,MGRC
12-01-1987,-0.05769197658716618,0,MGRC
13-01-1987,0.061224116906293924,0,MGRC
14-01-1987,0.0,0,MGRC
15-01-1987,0.03846152642135148,0,MGRC
16-01-1987,0.03703682490512605,1,MGRC
19-01-1987,-0.05357045443204356,0,MGRC
20-01-1987,0.0,1,MGRC
21-01-1987,-0.056604016977365834,0,MGRC
22-01-1987,0.03999942266211809,0,MGRC
23-01-1987,0.0,0,MGRC
26-01-1987,0.0,1,MGRC
27-01-1987,-0.03846100467991631,0,MGRC
28-01-1987,0.01999954854782149,1,MGRC
29-01-1987,-0.01960740921532278,1,MGRC
30-01-1987,-0.04000083345017558,0,MGRC
02-02-1987,0.04166757101877083,1,MGRC
03-02-1987,-0.04000083345017558,0,MGRC
04-02-1987,0.03125022608802608,1,MGRC
05-02-1987,-0.02020201577299341,0,MGRC
06-02-1987,0.05154660397587407,1,MGRC
09-02-1987,-0.01960740921532278,0,MGRC
10-02-1987,0.0,0,MGRC
11-02-1987,0.0,0,MGRC
12-02-1987,0.0,1,MGRC
13-02-1987,-0.04000083345017558,0,MGRC
17-02-1987,0.04166757101877083,1,MGRC
18-02-1987,-0.04000083345017558,0,MGRC
19-02-1987,0.010416892754692597,0,MGRC
20-02-1987,0.010309723558083572,0,MGRC
23-02-1987,0.04081607793752928,0,MGRC
24-02-1987,0.0,0,MGRC
25-02-1987,0.058823397983487125,0,MGRC
26-02-1987,0.0,0,MGRC
27-02-1987,0.018519216320857623,1,MGRC
02-03-1987,-0.03636350183205117,0,MGRC
03-03-1987,0.0566026860455795,1,MGRC
04-03-1987,-0.008928182984003108,0,MGRC
05-03-1987,0.018018204745607447,1,MGRC
06-03-1987,-0.00885012779687111,0,MGRC
09-03-1987,0.017857722496031014,0,MGRC
10-03-1987,0.0,0,MGRC
11-03-1987,0.0,0,MGRC
12-03-1987,0.0,0,MGRC
13-03-1987,0.017543657568731996,0,MGRC
16-03-1987,0.0,0,MGRC
17-03-1987,0.0,1,MGRC
18-03-1987,-0.03448311670524351,0,MGRC
19-03-1987,0.0,1,MGRC
20-03-1987,-0.017856269073147413,1,MGRC
23-03-1987,-0.018182490839744325,1,MGRC
24-03-1987,-0.018517709067805144,0,MGRC
25-03-1987,0.0566026860455795,1,MGRC
26-03-1987,-0.05357045443204356,0,MGRC
27-03-1987,0.0,0,MGRC
30-03-1987,0.0,0,MGRC
31-03-1987,0.0,0,MGRC
01-04-1987,0.0,0,MGRC
02-04-1987,0.018867084244808208,1,MGRC
03-04-1987,-0.03703702587219959,0,MGRC
06-04-1987,0.03846152642135148,0,MGRC
07-04-1987,0.0,1,MGRC
08-04-1987,-0.03703702587219959,0,MGRC
09-04-1987,0.0,0,MGRC
10-04-1987,0.03846152642135148,1,MGRC
13-04-1987,-0.03703702587219959,0,MGRC
14-04-1987,0.03846152642135148,1,MGRC
15-04-1987,-0.03703702587219959,0,MGRC
16-04-1987,0.03846152642135148,1,MGRC
20-04-1987,-0.03703702587219959,0,MGRC
21-04-1987,0.0,0,MGRC
22-04-1987,0.03846152642135148,0,MGRC
23-04-1987,0.0,1,MGRC
24-04-1987,-0.018517709067805144,0,MGRC
27-04-1987,0.0,1,MGRC
28-04-1987,-0.01886872231469927,0,MGRC
29-04-1987,0.03846152642135148,1,MGRC
30-04-1987,-0.018517709067805144,0,MGRC
01-05-1987,0.0566026860455795,1,MGRC
04-05-1987,-0.03571408846403723,0,MGRC
05-05-1987,0.018519216320857623,1,MGRC
06-05-1987,-0.018182490839744325,1,MGRC
07-05-1987,-0.018517709067805144,0,MGRC
08-05-1987,0.018867084244808208,0,MGRC
11-05-1987,0.018519216320857623,0,MGRC
12-05-1987,0.0,0,MGRC
13-05-1987,0.0,1,MGRC
14-05-1987,-0.03636350183205117,0,MGRC
15-05-1987,0.07547120360154236,1,MGRC
18-05-1987,-0.008771923979260854,0,MGRC
19-05-1987,0.008849551572909009,0,MGRC
20-05-1987,0.0,1,MGRC
21-05-1987,-0.008771923979260854,1,MGRC
22-05-1987,-0.00885012779687111,1,MGRC
26-05-1987,-0.03571408846403723,0,MGRC
27-05-1987,0.05555594074244663,1,MGRC
28-05-1987,-0.017544419127891064,1,MGRC
29-05-1987,-0.03571408846403723,0,MGRC
01-06-1987,0.009259256468049815,0,MGRC
02-06-1987,0.027522728435788624,1,MGRC
03-06-1987,-0.017856269073147413,0,MGRC
04-06-1987,0.0,0,MGRC
05-06-1987,0.03636330451905945,1,MGRC
08-06-1987,-0.017544419127891064,0,MGRC
09-06-1987,0.05357200474978607,0,MGRC
10-06-1987,0.0,1,MGRC
11-06-1987,-0.050847976700471365,0,MGRC
12-06-1987,0.07142943656124023,1,MGRC
15-06-1987,-0.03333375536393357,0,MGRC
16-06-1987,0.051724300843376536,0,MGRC
17-06-1987,0.0,0,MGRC
18-06-1987,0.0,1,MGRC
19-06-1987,-0.049180475151043734,0,MGRC
22-06-1987,0.03448321025886569,0,MGRC
23-06-1987,0.033333031882904596,1,MGRC
24-06-1987,-0.032257782200348584,0,MGRC
25-06-1987,0.049999502606792534,0,MGRC
26-06-1987,0.015873525809810385,0,MGRC
29-06-1987,0.015624222381557695,0,MGRC
30-06-1987,0.0,0,MGRC
01-07-1987,0.01538503020925086,0,MGRC
02-07-1987,0.045454272654274375,0,MGRC
06-07-1987,0.0,1,MGRC
07-07-1987,-0.014492434507234475,0,MGRC
08-07-1987,0.0,0,MGRC
09-07-1987,0.0,0,MGRC
10-07-1987,0.02941142674752628,0,MGRC
13-07-1987,0.042856897021096074,1,MGRC
14-07-1987,-0.013698183136936604,1,MGRC
15-07-1987,-0.01388895692460157,0,MGRC
16-07-1987,0.0,0,MGRC
17-07-1987,0.014084577007966503,1,MGRC
20-07-1987,-0.01388895692460157,0,MGRC
21-07-1987,0.014084577007966503,0,MGRC
22-07-1987,0.0,1,MGRC
23-07-1987,-0.020833171617677837,1,MGRC
24-07-1987,-0.007092578499247604,0,MGRC
27-07-1987,0.0,0,MGRC
28-07-1987,0.007143242507470893,0,MGRC
29-07-1987,0.028368235912743955,0,MGRC
30-07-1987,0.006896475848900296,0,MGRC
31-07-1987,0.0,0,MGRC
03-08-1987,0.0,0,MGRC
04-08-1987,0.0,0,MGRC
05-08-1987,0.013699372421806855,1,MGRC
06-08-1987,-0.0067570446100156945,0,MGRC
07-08-1987,0.006803012871470671,1,MGRC
10-08-1987,-0.013514235871605718,0,MGRC
11-08-1987,0.013699372421806855,0,MGRC
12-08-1987,0.013512769355862986,0,MGRC
13-08-1987,0.0,0,MGRC
14-08-1987,0.013334128198485118,1,MGRC
17-08-1987,-0.013158668821497854,0,MGRC
18-08-1987,0.04000050354321516,0,MGRC
19-08-1987,0.0,1,MGRC
20-08-1987,-0.02564073310914694,0,MGRC
21-08-1987,0.0,0,MGRC
24-08-1987,0.013157455086819203,1,MGRC
25-08-1987,-0.012986584682132873,0,MGRC
26-08-1987,0.0,0,MGRC
27-08-1987,0.019736468214859082,1,MGRC
28-08-1987,-0.012902939425288862,0,MGRC
31-08-1987,0.019607615050166283,1,MGRC
01-09-1987,-0.02564073310914694,0,MGRC
02-09-1987,0.0,0,MGRC
03-09-1987,0.0,0,MGRC
04-09-1987,0.03947357899513615,1,MGRC
08-09-1987,-0.025316779993347138,0,MGRC
09-09-1987,0.0,0,MGRC
10-09-1987,0.0,0,MGRC
11-09-1987,0.0,0,MGRC
14-09-1987,0.0,0,MGRC
15-09-1987,0.0,0,MGRC
16-09-1987,0.0,1,MGRC
17-09-1987,-0.012986584682132873,0,MGRC
18-09-1987,0.03947357899513615,1,MGRC
21-09-1987,-0.025316779993347138,0,MGRC
22-09-1987,0.0,0,MGRC
23-09-1987,0.0,0,MGRC
24-09-1987,0.0,0,MGRC
25-09-1987,0.0,0,MGRC
28-09-1987,0.0,0,MGRC
29-09-1987,0.0,0,MGRC
30-09-1987,0.0,0,MGRC
01-10-1987,0.0,0,MGRC
02-10-1987,0.0064935742169276445,1,MGRC
05-10-1987,-0.006451679755610784,0,MGRC
06-10-1987,0.0064935742169276445,1,MGRC
07-10-1987,-0.006451679755610784,0,MGRC
08-10-1987,0.0,0,MGRC
09-10-1987,0.0,1,MGRC
12-10-1987,-0.012986584682132873,1,MGRC
13-10-1987,-0.03947443574902709,1,MGRC
14-10-1987,-0.013698183136936604,1,MGRC
15-10-1987,-0.01388895692460157,1,MGRC
16-10-1987,-0.028169154015932896,1,MGRC
19-10-1987,-0.05797115353613358,1,MGRC
20-10-1987,-0.046153421054916266,0,MGRC
21-10-1987,0.04838662954157691,1,MGRC
22-10-1987,-0.030768975196158066,1,MGRC
23-10-1987,-0.07936504518701004,1,MGRC
26-10-1987,-0.12068969227126392,1,MGRC
27-10-1987,-0.05882392995508667,1,MGRC
28-10-1987,-0.020832768113268285,0,MGRC
29-10-1987,0.021276006217167076,0,MGRC
30-10-1987,0.08333367246537238,0,MGRC
02-11-1987,0.01923159799697194,1,MGRC
03-11-1987,-0.037736523215084805,0,MGRC
04-11-1987,0.01960772839828251,0,MGRC
05-11-1987,0.01923159799697194,1,MGRC
06-11-1987,-0.037736523215084805,0,MGRC
09-11-1987,0.0,1,MGRC
10-11-1987,-0.01960740921532278,0,MGRC
11-11-1987,0.0,0,MGRC
12-11-1987,0.06000027347583892,1,MGRC
13-11-1987,-0.037736523215084805,0,MGRC
16-11-1987,0.01960772839828251,1,MGRC
17-11-1987,-0.02884593611943953,1,MGRC
18-11-1987,-0.009900662436664986,0,MGRC
19-11-1987,0.03999942266211809,1,MGRC
20-11-1987,-0.05769197658716618,0,MGRC
23-11-1987,0.0,0,MGRC
24-11-1987,0.061224116906293924,0,MGRC
25-11-1987,0.0,0,MGRC
27-11-1987,0.0,1,MGRC
30-11-1987,-0.03846100467991631,0,MGRC
01-12-1987,0.01999954854782149,0,MGRC
02-12-1987,0.0,1,MGRC
03-12-1987,-0.01960740921532278,0,MGRC
04-12-1987,0.009999665751752485,1,MGRC
07-12-1987,-0.009900662436664986,1,MGRC
08-12-1987,-0.02000019968077127,0,MGRC
09-12-1987,0.010203631905166599,1,MGRC
10-12-1987,-0.010100569412845428,1,MGRC
11-12-1987,-0.010204517800516788,1,MGRC
14-12-1987,-0.010309499800912003,0,MGRC
15-12-1987,0.12500033913203912,1,MGRC
16-12-1987,-0.03703702587219959,0,MGRC
17-12-1987,0.11538478796062845,0,MGRC
18-12-1987,0.017241558352621755,1,MGRC
21-12-1987,-0.03389828326184208,0,MGRC
22-12-1987,0.0,0,MGRC
23-12-1987,0.00877154319968132,1,MGRC
24-12-1987,-0.008695272243563923,0,MGRC
28-12-1987,0.0,0,MGRC
29-12-1987,0.00877154319968132,1,MGRC
30-12-1987,-0.008695272243563923,0,MGRC
31-12-1987,0.00877154319968132,0,MGRC
04-01-1988,0.008695838446459936,0,MGRC
05-01-1988,0.051724300843376536,1,MGRC
06-01-1988,-0.03278686483054838,0,MGRC
07-01-1988,0.033898283261841966,1,MGRC
08-01-1988,-0.049180475151043734,1,MGRC
11-01-1988,-0.017241184138133026,0,MGRC
12-01-1988,0.05263182946024969,1,MGRC
13-01-1988,-0.05000022608782151,0,MGRC
14-01-1988,0.04385961989630416,1,MGRC
15-01-1988,-0.04201677990059738,0,MGRC
18-01-1988,0.0,0,MGRC
19-01-1988,0.0,0,MGRC
20-01-1988,0.017543657568731996,0,MGRC
21-01-1988,0.017241558352621755,0,MGRC
22-01-1988,0.01694941753477508,1,MGRC
25-01-1988,-0.05000022608782151,0,MGRC
26-01-1988,0.017543657568731996,0,MGRC
27-01-1988,0.017241558352621755,1,MGRC
28-01-1988,-0.016949325566823825,0,MGRC
29-01-1988,0.0,0,MGRC
01-02-1988,0.03448321025886569,0,MGRC
02-02-1988,0.0,1,MGRC
03-02-1988,-0.03333375536393357,0,MGRC
04-02-1988,0.02586224397531045,0,MGRC
05-02-1988,0.0,0,MGRC
08-02-1988,0.025210067940358405,1,MGRC
09-02-1988,-0.04098366999079606,1,MGRC
10-02-1988,-0.025640918617167552,0,MGRC
11-02-1988,0.0,1,MGRC
12-02-1988,-0.017544419127891064,0,MGRC
16-02-1988,0.0,0,MGRC
17-02-1988,0.0,0,MGRC
18-02-1988,0.0,0,MGRC
19-02-1988,0.0,1,MGRC
22-02-1988,-0.017856269073147413,0,MGRC
23-02-1988,0.009090406839657561,0,MGRC
24-02-1988,0.009008613534067456,1,MGRC
25-02-1988,-0.04464246523775817,0,MGRC
26-02-1988,0.02803787607251884,1,MGRC
29-02-1988,-0.05454609132829136,0,MGRC
01-03-1988,0.0,0,MGRC
02-03-1988,0.01923159799697194,0,MGRC
03-03-1988,0.037735704180139384,0,MGRC
04-03-1988,0.03636330451905945,0,MGRC
07-03-1988,0.0,0,MGRC
08-03-1988,0.0,0,MGRC
09-03-1988,0.07017539183408683,0,MGRC
10-03-1988,0.016393432415274134,1,MGRC
11-03-1988,-0.048387067131036576,0,MGRC
14-03-1988,0.01694941753477508,0,MGRC
15-03-1988,0.01666638028875944,0,MGRC
16-03-1988,0.0,0,MGRC
17-03-1988,0.016393432415274134,1,MGRC
18-03-1988,-0.016129022377012192,0,MGRC
21-03-1988,0.016393432415274134,0,MGRC
22-03-1988,0.0,0,MGRC
23-03-1988,0.0,0,MGRC
24-03-1988,0.0,0,MGRC
25-03-1988,0.0,0,MGRC
28-03-1988,0.0,1,MGRC
29-03-1988,-0.016129022377012192,0,MGRC
30-03-1988,0.03278668692532727,0,MGRC
31-03-1988,0.0,1,MGRC
04-04-1988,-0.03174584581733453,0,MGRC
05-04-1988,0.0,0,MGRC
06-04-1988,0.03278668692532727,1,MGRC
07-04-1988,-0.023809427427368246,1,MGRC
08-04-1988,-0.024389878073108107,0,MGRC
11-04-1988,0.0,0,MGRC
12-04-1988,0.0249996156507033,1,MGRC
13-04-1988,-0.024389878073108107,0,MGRC
14-04-1988,0.0,1,MGRC
15-04-1988,-0.01666692289953109,0,MGRC
18-04-1988,0.033898283261841966,1,MGRC
19-04-1988,-0.03278686483054838,0,MGRC
20-04-1988,0.0,0,MGRC
21-04-1988,0.0,0,MGRC
22-04-1988,0.0,1,MGRC
25-04-1988,-0.03389828326184208,0,MGRC
26-04-1988,0.0,0,MGRC
27-04-1988,0.0,0,MGRC
28-04-1988,0.05263182946024969,1,MGRC
29-04-1988,-0.01666692289953109,0,MGRC
02-05-1988,0.0,0,MGRC
03-05-1988,0.033898283261841966,1,MGRC
04-05-1988,-0.049180475151043734,0,MGRC
05-05-1988,0.0,0,MGRC
06-05-1988,0.03448321025886569,0,MGRC
09-05-1988,0.0,0,MGRC
10-05-1988,0.033333031882904596,1,MGRC
11-05-1988,-0.032257782200348584,1,MGRC
12-05-1988,-0.01666692289953109,0,MGRC
13-05-1988,0.0,0,MGRC
16-05-1988,0.01694941753477508,0,MGRC
17-05-1988,0.0,0,MGRC
18-05-1988,0.0,0,MGRC
19-05-1988,0.0,0,MGRC
20-05-1988,0.0,1,MGRC
23-05-1988,-0.03333375536393357,0,MGRC
24-05-1988,0.0,0,MGRC
25-05-1988,0.0,0,MGRC
26-05-1988,0.051724300843376536,0,MGRC
27-05-1988,0.0,1,MGRC
31-05-1988,-0.049180475151043734,0,MGRC
01-06-1988,0.03448321025886569,0,MGRC
02-06-1988,0.0,1,MGRC
03-06-1988,-0.01666692289953109,0,MGRC
06-06-1988,0.033898283261841966,0,MGRC
07-06-1988,0.0,1,MGRC
08-06-1988,-0.049180475151043734,0,MGRC
09-06-1988,0.051724300843376536,1,MGRC
10-06-1988,-0.049180475151043734,0,MGRC
13-06-1988,0.051724300843376536,0,MGRC
14-06-1988,0.0,1,MGRC
15-06-1988,-0.049180475151043734,0,MGRC
16-06-1988,0.03448321025886569,0,MGRC
17-06-1988,0.0,1,MGRC
20-06-1988,-0.03333375536393357,0,MGRC
21-06-1988,0.0,0,MGRC
22-06-1988,0.0,0,MGRC
23-06-1988,0.043103428113443476,0,MGRC
24-06-1988,0.0,1,MGRC
27-06-1988,-0.024793197935889744,0,MGRC
28-06-1988,0.0,0,MGRC
29-06-1988,0.033898283261841966,0,MGRC
30-06-1988,0.03278668692532727,0,MGRC
01-07-1988,0.0,1,MGRC
05-07-1988,-0.015872836779932564,1,MGRC
06-07-1988,-0.032257782200348584,0,MGRC
07-07-1988,0.033333031882904596,1,MGRC
08-07-1988,-0.048387067131036576,0,MGRC
11-07-1988,0.033898283261841966,0,MGRC
12-07-1988,0.0,1,MGRC
13-07-1988,-0.03278686483054838,0,MGRC
14-07-1988,0.01694941753477508,0,MGRC
15-07-1988,0.0,0,MGRC
18-07-1988,0.0,1,MGRC
19-07-1988,-0.01666692289953109,0,MGRC
20-07-1988,0.05084742489276306,1,MGRC
21-07-1988,-0.02419370860130221,0,MGRC
22-07-1988,0.024793556686976803,0,MGRC
25-07-1988,0.0,1,MGRC
26-07-1988,-0.048387067131036576,0,MGRC
27-07-1988,0.033898283261841966,0,MGRC
28-07-1988,0.0,1,MGRC
29-07-1988,-0.016393165557442413,0,MGRC
01-08-1988,0.008332873621429426,1,MGRC
02-08-1988,-0.04132229551905542,0,MGRC
03-08-1988,0.008620779176310878,1,MGRC
04-08-1988,-0.008547096544402999,0,MGRC
05-08-1988,0.0,0,MGRC
08-08-1988,0.03448321025886569,0,MGRC
09-08-1988,0.0,0,MGRC
10-08-1988,0.0,0,MGRC
11-08-1988,0.0,1,MGRC
12-08-1988,-0.03333375536393357,0,MGRC
15-08-1988,0.0,0,MGRC
16-08-1988,0.0,0,MGRC
17-08-1988,0.0,0,MGRC
18-08-1988,0.0,0,MGRC
19-08-1988,0.0,0,MGRC
22-08-1988,0.03448321025886569,1,MGRC
23-08-1988,-0.03333375536393357,1,MGRC
24-08-1988,-0.017241184138133026,1,MGRC
25-08-1988,-0.017544419127891064,0,MGRC
26-08-1988,0.0,0,MGRC
29-08-1988,0.0,0,MGRC
30-08-1988,0.0,0,MGRC
31-08-1988,0.0,0,MGRC
01-09-1988,0.0,0,MGRC
02-09-1988,0.0,0,MGRC
06-09-1988,0.0,1,MGRC
07-09-1988,-0.017856269073147413,0,MGRC
08-09-1988,0.0,0,MGRC
09-09-1988,0.0,0,MGRC
12-09-1988,0.0,0,MGRC
13-09-1988,0.0,0,MGRC
14-09-1988,0.0,0,MGRC
15-09-1988,0.018180912335810984,0,MGRC
16-09-1988,0.0,0,MGRC
19-09-1988,0.0,1,MGRC
20-09-1988,-0.008928182984003108,1,MGRC
21-09-1988,-0.009008515766320224,0,MGRC
22-09-1988,0.03636330451905945,0,MGRC
23-09-1988,0.0,1,MGRC
26-09-1988,-0.017544419127891064,0,MGRC
27-09-1988,0.0,0,MGRC
28-09-1988,0.035714669833190715,1,MGRC
29-09-1988,-0.017241184138133026,0,MGRC
30-09-1988,0.0,0,MGRC
03-10-1988,0.0,0,MGRC
04-10-1988,0.0,0,MGRC
05-10-1988,0.035087695917043416,1,MGRC
06-10-1988,-0.03389828326184208,0,MGRC
07-10-1988,0.04385961989630416,0,MGRC
10-10-1988,0.008403629565455262,0,MGRC
11-10-1988,0.0,1,MGRC
12-10-1988,-0.008333597102458512,1,MGRC
13-10-1988,-0.008403355980119431,0,MGRC
14-10-1988,0.0,0,MGRC
17-10-1988,0.0,0,MGRC
18-10-1988,0.0,0,MGRC
19-10-1988,0.025423528510478688,0,MGRC
20-10-1988,0.0,1,MGRC
21-10-1988,-0.008264010664952304,0,MGRC
24-10-1988,0.0,0,MGRC
25-10-1988,0.0,0,MGRC
26-10-1988,0.0,0,MGRC
27-10-1988,0.0,0,MGRC
28-10-1988,0.033333031882904596,0,MGRC
31-10-1988,0.016128847341228214,1,MGRC
01-11-1988,-0.06349186389213857,0,MGRC
02-11-1988,0.0,1,MGRC
03-11-1988,-0.016949325566823825,0,MGRC
04-11-1988,0.0,1,MGRC
07-11-1988,-0.03448311670524351,0,MGRC
08-11-1988,0.0,0,MGRC
09-11-1988,0.035714669833190715,0,MGRC
10-11-1988,0.0,1,MGRC
11-11-1988,-0.03448311670524351,0,MGRC
14-11-1988,0.0,1,MGRC
15-11-1988,-0.06249989704921244,1,MGRC
16-11-1988,-0.028571215956447293,0,MGRC
17-11-1988,0.039216414345444095,1,MGRC
18-11-1988,-0.01886872231469927,0,MGRC
21-11-1988,0.0,0,MGRC
22-11-1988,0.01923159799697194,0,MGRC
23-11-1988,0.0,0,MGRC
25-11-1988,0.0,0,MGRC
28-11-1988,0.0,0,MGRC
29-11-1988,0.0,0,MGRC
30-11-1988,0.037735704180139384,1,MGRC
01-12-1988,-0.03636350183205117,0,MGRC
02-12-1988,0.037735704180139384,1,MGRC
05-12-1988,-0.03636350183205117,0,MGRC
06-12-1988,0.0,0,MGRC
07-12-1988,0.037735704180139384,1,MGRC
08-12-1988,-0.009091590717607567,1,MGRC
09-12-1988,-0.02752213106576984,0,MGRC
12-12-1988,0.0,1,MGRC
13-12-1988,-0.01886872231469927,0,MGRC
14-12-1988,0.03846152642135148,0,MGRC
15-12-1988,0.0,1,MGRC
16-12-1988,-0.018517709067805144,0,MGRC
19-12-1988,0.0,0,MGRC
20-12-1988,0.009433337363667693,1,MGRC
21-12-1988,-0.009345181117462187,0,MGRC
22-12-1988,0.028301035884685133,1,MGRC
23-12-1988,-0.02752213106576984,0,MGRC
27-12-1988,0.0,0,MGRC
28-12-1988,0.018867084244808208,0,MGRC
29-12-1988,0.0,0,MGRC
30-12-1988,0.0,0,MGRC
03-01-1989,0.0,0,MGRC
04-01-1989,0.03703682490512605,1,MGRC
05-01-1989,-0.017856269073147413,1,MGRC
06-01-1989,-0.018182490839744325,0,MGRC
09-01-1989,0.0,0,MGRC
10-01-1989,0.03703682490512605,0,MGRC
11-01-1989,0.0,1,MGRC
12-01-1989,-0.03571408846403723,0,MGRC
13-01-1989,0.0,0,MGRC
16-01-1989,0.018519216320857623,0,MGRC
17-01-1989,0.0,0,MGRC
18-01-1989,0.0,0,MGRC
19-01-1989,0.0,1,MGRC
20-01-1989,-0.018182490839744325,0,MGRC
23-01-1989,0.0,0,MGRC
24-01-1989,0.027777970371223315,0,MGRC
25-01-1989,0.0,0,MGRC
26-01-1989,0.0,0,MGRC
27-01-1989,0.0,0,MGRC
30-01-1989,0.0,1,MGRC
31-01-1989,-0.027027209350663828,0,MGRC
01-02-1989,0.0,0,MGRC
02-02-1989,0.0,0,MGRC
03-02-1989,0.009259256468049815,1,MGRC
06-02-1989,-0.009174309186376073,0,MGRC
07-02-1989,0.027777970371223315,1,MGRC
08-02-1989,-0.018018204745607336,0,MGRC
09-02-1989,0.0,1,MGRC
10-02-1989,-0.009174309186376073,1,MGRC
13-02-1989,-0.018517709067805144,0,MGRC
14-02-1989,0.0,0,MGRC
15-02-1989,0.037735704180139384,0,MGRC
16-02-1989,0.018180912335810984,0,MGRC
17-02-1989,0.0,0,MGRC
21-02-1989,0.0,1,MGRC
22-02-1989,-0.03571408846403723,0,MGRC
23-02-1989,0.018519216320857623,1,MGRC
24-02-1989,-0.009091590717607567,1,MGRC
27-02-1989,-0.009174309186376073,0,MGRC
28-02-1989,0.018519216320857623,1,MGRC
01-03-1989,-0.018182490839744325,1,MGRC
02-03-1989,-0.018517709067805144,0,MGRC
03-03-1989,0.0,0,MGRC
06-03-1989,0.0,0,MGRC
07-03-1989,0.0,0,MGRC
08-03-1989,0.0,0,MGRC
09-03-1989,0.0,0,MGRC
10-03-1989,0.018867084244808208,0,MGRC
13-03-1989,0.0,1,MGRC
14-03-1989,-0.018517709067805144,0,MGRC
15-03-1989,0.0,0,MGRC
16-03-1989,0.0,0,MGRC
17-03-1989,0.0,0,MGRC
20-03-1989,0.0,0,MGRC
21-03-1989,0.037735704180139384,0,MGRC
22-03-1989,0.0,0,MGRC
23-03-1989,0.0,0,MGRC
27-03-1989,0.0,0,MGRC
28-03-1989,0.0,0,MGRC
29-03-1989,0.0,0,MGRC
30-03-1989,0.0,0,MGRC
31-03-1989,0.0,0,MGRC
03-04-1989,0.0,1,MGRC
04-04-1989,-0.018182490839744325,0,MGRC
05-04-1989,0.0,0,MGRC
06-04-1989,0.018519216320857623,1,MGRC
07-04-1989,-0.03636350183205117,0,MGRC
10-04-1989,0.0,0,MGRC
11-04-1989,0.037735704180139384,0,MGRC
12-04-1989,0.0,1,MGRC
13-04-1989,-0.03636350183205117,0,MGRC
14-04-1989,0.0,0,MGRC
17-04-1989,0.0,0,MGRC
18-04-1989,0.018867084244808208,1,MGRC
19-04-1989,-0.018517709067805144,0,MGRC
20-04-1989,0.0,0,MGRC
21-04-1989,0.0,0,MGRC
24-04-1989,0.0,0,MGRC
25-04-1989,0.037735704180139384,1,MGRC
26-04-1989,-0.018182490839744325,0,MGRC
27-04-1989,0.018519216320857623,1,MGRC
28-04-1989,-0.018182490839744325,0,MGRC
01-05-1989,0.018519216320857623,1,MGRC
02-05-1989,-0.009091590717607567,1,MGRC
03-05-1989,-0.009174309186376073,0,MGRC
04-05-1989,0.0,0,MGRC
05-05-1989,0.0,0,MGRC
08-05-1989,0.009259256468049815,0,MGRC
09-05-1989,0.027522728435788624,0,MGRC
10-05-1989,0.0,1,MGRC
11-05-1989,-0.03571408846403723,0,MGRC
12-05-1989,0.0,0,MGRC
15-05-1989,0.0,0,MGRC
16-05-1989,0.0,0,MGRC
17-05-1989,0.0,0,MGRC
18-05-1989,0.0,1,MGRC
19-05-1989,-0.018517709067805144,0,MGRC
22-05-1989,0.018867084244808208,1,MGRC
23-05-1989,-0.018517709067805144,0,MGRC
24-05-1989,0.0,0,MGRC
25-05-1989,0.0,0,MGRC
26-05-1989,0.018867084244808208,0,MGRC
30-05-1989,0.03703682490512605,0,MGRC
31-05-1989,0.0,1,MGRC
01-06-1989,-0.04464246523775817,1,MGRC
02-06-1989,-0.009345181117462187,0,MGRC
05-06-1989,0.0,0,MGRC
06-06-1989,0.0,0,MGRC
07-06-1989,0.0,0,MGRC
08-06-1989,0.037735704180139384,1,MGRC
09-06-1989,-0.018182490839744325,0,MGRC
12-06-1989,0.0,1,MGRC
13-06-1989,-0.018517709067805144,0,MGRC
14-06-1989,0.018867084244808208,1,MGRC
15-06-1989,-0.018517709067805144,0,MGRC
16-06-1989,0.009433337363667693,1,MGRC
19-06-1989,-0.009345181117462187,0,MGRC
20-06-1989,0.018867084244808208,0,MGRC
21-06-1989,0.0,1,MGRC
22-06-1989,-0.018517709067805144,0,MGRC
23-06-1989,0.037735704180139384,1,MGRC
26-06-1989,-0.03636350183205117,0,MGRC
27-06-1989,0.0,0,MGRC
28-06-1989,0.0,0,MGRC
29-06-1989,0.0,0,MGRC
30-06-1989,0.018867084244808208,0,MGRC
03-07-1989,0.018519216320857623,0,MGRC
05-07-1989,0.0,0,MGRC
06-07-1989,0.03636330451905945,1,MGRC
07-07-1989,-0.052631924655144546,0,MGRC
10-07-1989,0.0,0,MGRC
11-07-1989,0.0,0,MGRC
12-07-1989,0.018519216320857623,1,MGRC
13-07-1989,-0.018182490839744325,0,MGRC
14-07-1989,0.0,0,MGRC
17-07-1989,0.009259256468049815,0,MGRC
18-07-1989,0.0,0,MGRC
19-07-1989,0.009175006118064655,0,MGRC
20-07-1989,0.018180912335810984,1,MGRC
21-07-1989,-0.03571408846403723,0,MGRC
24-07-1989,0.03703682490512605,1,MGRC
25-07-1989,-0.017856269073147413,1,MGRC
26-07-1989,-0.018182490839744325,0,MGRC
27-07-1989,0.0,0,MGRC
28-07-1989,0.009259256468049815,1,MGRC
31-07-1989,-0.009174309186376073,0,MGRC
01-08-1989,0.009259256468049815,1,MGRC
02-08-1989,-0.009174309186376073,0,MGRC
03-08-1989,0.03703682490512605,1,MGRC
04-08-1989,-0.03571408846403723,0,MGRC
07-08-1989,0.03703682490512605,1,MGRC
08-08-1989,-0.03571408846403723,0,MGRC
09-08-1989,0.03703682490512605,0,MGRC
10-08-1989,0.035714669833190715,0,MGRC
11-08-1989,0.017241558352621755,0,MGRC
14-08-1989,0.0,1,MGRC
15-08-1989,-0.016949325566823825,0,MGRC
16-08-1989,0.0,0,MGRC
17-08-1989,0.017241558352621755,0,MGRC
18-08-1989,0.08474607602641071,1,MGRC
21-08-1989,-0.015625494125517947,1,MGRC
22-08-1989,-0.015872836779932564,0,MGRC
23-08-1989,0.0,0,MGRC
24-08-1989,0.04838662954157691,1,MGRC
25-08-1989,-0.046153421054916266,0,MGRC
28-08-1989,0.0,0,MGRC
29-08-1989,0.04838662954157691,0,MGRC
30-08-1989,0.0,1,MGRC
31-08-1989,-0.030768975196158066,0,MGRC
01-09-1989,0.015873525809810385,1,MGRC
05-09-1989,-0.015625494125517947,0,MGRC
06-09-1989,0.015873525809810385,1,MGRC
07-09-1989,-0.031250309987590374,0,MGRC
08-09-1989,0.03225839482559212,1,MGRC
11-09-1989,-0.015625494125517947,1,MGRC
12-09-1989,-0.015872836779932564,0,MGRC
13-09-1989,0.016128847341228214,0,MGRC
14-09-1989,0.0,1,MGRC
15-09-1989,-0.007936849033639892,1,MGRC
18-09-1989,-0.007999478398690973,0,MGRC
19-09-1989,0.0,0,MGRC
20-09-1989,0.0,0,MGRC
21-09-1989,0.0,0,MGRC
22-09-1989,0.0,0,MGRC
25-09-1989,0.0,0,MGRC
26-09-1989,0.0,0,MGRC
27-09-1989,0.0,0,MGRC
28-09-1989,0.0,0,MGRC
29-09-1989,0.0,0,MGRC
02-10-1989,0.0,0,MGRC
03-10-1989,0.0,0,MGRC
04-10-1989,0.016128847341228214,1,MGRC
05-10-1989,-0.015872836779932564,0,MGRC
06-10-1989,0.0,0,MGRC
09-10-1989,0.0,0,MGRC
10-10-1989,0.024193883637086078,1,MGRC
11-10-1989,-0.015748871198733916,1,MGRC
12-10-1989,-0.007999478398690973,0,MGRC
13-10-1989,0.0,1,MGRC
16-10-1989,-0.06451626454383264,0,MGRC
17-10-1989,0.0,0,MGRC
18-10-1989,0.2068963613909065,1,MGRC
19-10-1989,-0.08571371652632165,1,MGRC
20-10-1989,-0.015625494125517947,0,MGRC
23-10-1989,0.015873525809810385,1,MGRC
24-10-1989,-0.031250309987590374,0,MGRC
25-10-1989,0.03225839482559212,1,MGRC
26-10-1989,-0.015625494125517947,0,MGRC
27-10-1989,0.0,0,MGRC
30-10-1989,0.04761919936967551,1,MGRC
31-10-1989,-0.030302684008622238,1,MGRC
01-11-1989,-0.015625494125517947,0,MGRC
02-11-1989,0.0,0,MGRC
03-11-1989,0.0,0,MGRC
06-11-1989,0.03174575968859994,0,MGRC
07-11-1989,0.0,0,MGRC
08-11-1989,0.0,1,MGRC
09-11-1989,-0.015383861508265428,0,MGRC
10-11-1989,0.0,1,MGRC
13-11-1989,-0.015625494125517947,0,MGRC
14-11-1989,0.03174575968859994,1,MGRC
15-11-1989,-0.015383861508265428,0,MGRC
16-11-1989,0.0,0,MGRC
17-11-1989,0.0,0,MGRC
20-11-1989,0.015624222381557695,0,MGRC
21-11-1989,0.0,0,MGRC
22-11-1989,0.0,0,MGRC
24-11-1989,0.0,0,MGRC
27-11-1989,0.04615433931997637,1,MGRC
28-11-1989,-0.029411825726141094,0,MGRC
29-11-1989,0.0,0,MGRC
30-11-1989,0.0075753421470341475,0,MGRC
01-12-1989,0.0,1,MGRC
04-12-1989,-0.007518387787152525,0,MGRC
05-12-1989,0.022727177434027412,1,MGRC
06-12-1989,-0.0074075646082899516,0,MGRC
07-12-1989,0.0,0,MGRC
08-12-1989,0.014925692246217093,1,MGRC
11-12-1989,-0.029411825726141094,0,MGRC
12-12-1989,0.022727177434027412,1,MGRC
13-12-1989,-0.0074075646082899516,0,MGRC
14-12-1989,0.0,1,MGRC
15-12-1989,-0.014925125339111722,0,MGRC
18-12-1989,0.0,0,MGRC
19-12-1989,0.01515125979053078,1,MGRC
20-12-1989,-0.014925125339111722,0,MGRC
21-12-1989,0.0,0,MGRC
22-12-1989,0.0,0,MGRC
26-12-1989,0.030303095077523823,0,MGRC
27-12-1989,0.022059048834982553,0,MGRC
28-12-1989,0.007193691911367317,0,MGRC
29-12-1989,0.0,0,MGRC
02-01-1990,0.014285864887977118,0,MGRC
03-01-1990,0.0,0,MGRC
04-01-1990,0.014084577007966503,0,MGRC
05-01-1990,0.0,0,MGRC
08-01-1990,0.0,0,MGRC
09-01-1990,0.0,1,MGRC
10-01-1990,-0.01388895692460157,0,MGRC
11-01-1990,0.0,1,MGRC
12-01-1990,-0.014084653432052896,1,MGRC
15-01-1990,-0.00714231231702378,0,MGRC
16-01-1990,0.021582324910035977,0,MGRC
17-01-1990,0.014084577007966503,1,MGRC
18-01-1990,-0.027777989211838716,0,MGRC
19-01-1990,0.0,0,MGRC
22-01-1990,0.042856897021096074,0,MGRC
23-01-1990,0.0,1,MGRC
24-01-1990,-0.041095664365375706,0,MGRC
25-01-1990,0.014285864887977118,0,MGRC
26-01-1990,0.0,0,MGRC
29-01-1990,0.0,0,MGRC
30-01-1990,0.0,0,MGRC
31-01-1990,0.0,0,MGRC
01-02-1990,0.007041944595594263,0,MGRC
02-02-1990,0.006993385379990613,1,MGRC
05-02-1990,-0.027777989211838716,0,MGRC
06-02-1990,0.0,0,MGRC
07-02-1990,0.0,0,MGRC
08-02-1990,0.0,0,MGRC
09-02-1990,0.0,0,MGRC
12-02-1990,0.0,0,MGRC
13-02-1990,0.0,0,MGRC
14-02-1990,0.0,0,MGRC
15-02-1990,0.042856897021096074,1,MGRC
16-02-1990,-0.041095664365375706,0,MGRC
20-02-1990,0.0,0,MGRC
21-02-1990,0.028571652260083624,0,MGRC
22-02-1990,0.013888429386152534,0,MGRC
23-02-1990,0.0,0,MGRC
26-02-1990,0.0,1,MGRC
27-02-1990,-0.013698183136936604,0,MGRC
28-02-1990,0.0,0,MGRC
01-03-1990,0.0,1,MGRC
02-03-1990,-0.006944817594160879,1,MGRC
05-03-1990,-0.006992702372910831,0,MGRC
06-03-1990,0.014084577007966503,0,MGRC
07-03-1990,0.0,0,MGRC
08-03-1990,0.013888429386152534,0,MGRC
09-03-1990,0.0,0,MGRC
12-03-1990,0.0,0,MGRC
13-03-1990,0.03424716743934253,0,MGRC
14-03-1990,0.019867321211141986,0,MGRC
15-03-1990,0.03896158623949697,0,MGRC
16-03-1990,0.0,0,MGRC
19-03-1990,0.0,0,MGRC
20-03-1990,0.0,0,MGRC
21-03-1990,0.025000044087122975,1,MGRC
22-03-1990,-0.02439028586519565,0,MGRC
23-03-1990,0.025000044087122975,1,MGRC
26-03-1990,-0.02439028586519565,0,MGRC
27-03-1990,0.0,0,MGRC
28-03-1990,0.012499920304046563,0,MGRC
29-03-1990,0.0,0,MGRC
30-03-1990,0.0,0,MGRC
02-04-1990,0.0,0,MGRC
03-04-1990,0.0,1,MGRC
04-04-1990,-0.024691470500026513,1,MGRC
05-04-1990,-0.012658424339132557,0,MGRC
06-04-1990,0.0,0,MGRC
09-04-1990,0.0,0,MGRC
10-04-1990,0.0702525367062401,0,MGRC
11-04-1990,0.0,0,MGRC
12-04-1990,0.0,0,MGRC
16-04-1990,0.0,0,MGRC
17-04-1990,0.0,0,MGRC
18-04-1990,0.025641450635483842,0,MGRC
19-04-1990,0.024999580146273903,0,MGRC
20-04-1990,0.0,0,MGRC
23-04-1990,0.0,1,MGRC
24-04-1990,-0.024389844279454453,0,MGRC
25-04-1990,0.04999966728572636,1,MGRC
26-04-1990,-0.03571411973432337,0,MGRC
27-04-1990,0.049382519773988776,0,MGRC
30-04-1990,0.0,1,MGRC
01-05-1990,-0.0470586452923043,0,MGRC
02-05-1990,0.049382519773988776,0,MGRC
03-05-1990,0.011764750792490286,0,MGRC
04-05-1990,0.046511331772422615,0,MGRC
07-05-1990,0.06666659906753769,0,MGRC
08-05-1990,0.0,1,MGRC
09-05-1990,-0.010416498328981061,0,MGRC
10-05-1990,0.052631680065168496,0,MGRC
11-05-1990,0.039999444335271805,0,MGRC
14-05-1990,0.0,1,MGRC
15-05-1990,-0.04807693901422283,0,MGRC
16-05-1990,0.01010156670254192,1,MGRC
17-05-1990,-0.02000007706299145,0,MGRC
18-05-1990,0.0,0,MGRC
21-05-1990,0.0,0,MGRC
22-05-1990,0.020408243505828372,1,MGRC
23-05-1990,-0.02000007706299145,0,MGRC
24-05-1990,0.020408243505828372,1,MGRC
25-05-1990,-0.010000545524860627,0,MGRC
29-05-1990,0.020202314021416035,1,MGRC
30-05-1990,-0.00990072966905875,0,MGRC
31-05-1990,0.014999601503214999,0,MGRC
01-06-1990,0.0147787375190922,0,MGRC
04-06-1990,0.029126325418461496,0,MGRC
05-06-1990,0.028301801060228282,0,MGRC
06-06-1990,0.00917453297075399,1,MGRC
07-06-1990,-0.004545609157440844,0,MGRC
08-06-1990,0.013698172203450376,1,MGRC
11-06-1990,-0.01801763698074843,0,MGRC
12-06-1990,0.00917453297075399,1,MGRC
13-06-1990,-0.018182528810351428,0,MGRC
14-06-1990,0.01851925571086044,0,MGRC
15-06-1990,0.009090296509001394,0,MGRC
18-06-1990,0.009008955515655837,0,MGRC
19-06-1990,0.0,1,MGRC
20-06-1990,-0.008928518886189396,0,MGRC
21-06-1990,0.0,0,MGRC
22-06-1990,0.05405400714449815,0,MGRC
25-06-1990,0.008547044842843965,1,MGRC
26-06-1990,-0.008474611954443656,0,MGRC
27-06-1990,0.0,1,MGRC
28-06-1990,-0.008546698180577739,0,MGRC
29-06-1990,0.0,1,MGRC
02-07-1990,-0.017241447130509124,0,MGRC
03-07-1990,0.0,0,MGRC
05-07-1990,0.0,0,MGRC
06-07-1990,0.008772142827345952,1,MGRC
09-07-1990,-0.0086958614883631,0,MGRC
10-07-1990,0.0,0,MGRC
11-07-1990,0.037839144145261905,1,MGRC
12-07-1990,-0.026547533395353984,0,MGRC
13-07-1990,0.02727152511919817,0,MGRC
16-07-1990,0.013274923691942941,1,MGRC
17-07-1990,-0.00436680557882696,1,MGRC
18-07-1990,-0.013157789665316777,0,MGRC
19-07-1990,0.031111232394075206,0,MGRC
20-07-1990,0.00862034059420358,1,MGRC
23-07-1990,-0.021367408527114384,0,MGRC
24-07-1990,0.004367059320265598,0,MGRC
25-07-1990,0.0,0,MGRC
26-07-1990,0.0,1,MGRC
27-07-1990,-0.01739211571905319,1,MGRC
30-07-1990,-0.008849120662931864,0,MGRC
31-07-1990,0.008928126733692254,1,MGRC
01-08-1990,-0.017698584138979845,1,MGRC
02-08-1990,-0.018017729551273343,1,MGRC
03-08-1990,-0.027522798024227524,1,MGRC
06-08-1990,-0.04717017763402953,0,MGRC
07-08-1990,0.009900974909181848,0,MGRC
08-08-1990,0.0,1,MGRC
09-08-1990,-0.00980390667517883,1,MGRC
10-08-1990,-0.024751957844004302,0,MGRC
13-08-1990,0.015228296634311356,0,MGRC
14-08-1990,0.0,0,MGRC
15-08-1990,0.049999806310781825,0,MGRC
16-08-1990,0.0,1,MGRC
17-08-1990,-0.03809544803506382,0,MGRC
20-08-1990,0.0,1,MGRC
21-08-1990,-0.019802333361523705,0,MGRC
22-08-1990,0.0,0,MGRC
23-08-1990,0.010101780826983209,1,MGRC
24-08-1990,-0.030000329271670623,0,MGRC
27-08-1990,0.02061812440483002,0,MGRC
28-08-1990,0.0,1,MGRC
29-08-1990,-0.020201605195727224,0,MGRC
30-08-1990,0.010309361721926091,0,MGRC
31-08-1990,0.0,1,MGRC
04-09-1990,-0.01020416331128049,0,MGRC
05-09-1990,0.010309361721926091,1,MGRC
06-09-1990,-0.020408326622560424,0,MGRC
07-09-1990,0.02083350356806979,0,MGRC
10-09-1990,0.0,0,MGRC
11-09-1990,0.0,1,MGRC
12-09-1990,-0.01020416331128049,1,MGRC
13-09-1990,-0.030927486126755332,0,MGRC
14-09-1990,0.01595679741478473,1,MGRC
17-09-1990,-0.02094187372834333,1,MGRC
18-09-1990,-0.005348101498543589,0,MGRC
19-09-1990,0.03225822911510945,1,MGRC
20-09-1990,-0.015624875476442868,0,MGRC
21-09-1990,0.0,1,MGRC
24-09-1990,-0.03703697630749736,0,MGRC
25-09-1990,0.0,0,MGRC
26-09-1990,0.0,0,MGRC
27-09-1990,0.00549417687064957,0,MGRC
28-09-1990,0.02732300182470193,0,MGRC
01-10-1990,0.0,0,MGRC
02-10-1990,0.05319066405625805,1,MGRC
03-10-1990,-0.01010050912912741,0,MGRC
04-10-1990,0.0,1,MGRC
05-10-1990,-0.030612193470675897,0,MGRC
08-10-1990,0.0,0,MGRC
09-10-1990,0.0,1,MGRC
10-10-1990,-0.010526093663843161,0,MGRC
11-10-1990,0.0,1,MGRC
12-10-1990,-0.06383038347064496,1,MGRC
15-10-1990,-0.03409053391786443,1,MGRC
16-10-1990,-0.03982934836665808,1,MGRC
17-10-1990,-0.03703702165504874,0,MGRC
18-10-1990,0.0,1,MGRC
19-10-1990,-0.02564095296990887,1,MGRC
22-10-1990,-0.052631805257970066,0,MGRC
23-10-1990,0.05555580771032931,0,MGRC
24-10-1990,0.0,0,MGRC
25-10-1990,0.10526335758056171,0,MGRC
26-10-1990,0.0,0,MGRC
29-10-1990,0.0,0,MGRC
30-10-1990,0.011904009981358321,0,MGRC
31-10-1990,0.0,0,MGRC
01-11-1990,0.0,1,MGRC
02-11-1990,-0.023529186940912106,0,MGRC
05-11-1990,0.0,0,MGRC
06-11-1990,0.10843423721253109,0,MGRC
07-11-1990,0.0,0,MGRC
08-11-1990,0.0,1,MGRC
09-11-1990,-0.021739012334535235,0,MGRC
12-11-1990,0.08888882243872165,1,MGRC
13-11-1990,-0.020408737716105074,1,MGRC
14-11-1990,-0.04166616189351524,0,MGRC
15-11-1990,0.021739116807830916,0,MGRC
16-11-1990,0.0,0,MGRC
19-11-1990,0.0,1,MGRC
20-11-1990,-0.010638751472790031,0,MGRC
21-11-1990,0.0,0,MGRC
23-11-1990,0.0,0,MGRC
26-11-1990,0.0,0,MGRC
27-11-1990,0.0,0,MGRC
28-11-1990,0.07526927061064637,0,MGRC
29-11-1990,0.0,1,MGRC
30-11-1990,-0.030000222987813907,0,MGRC
03-12-1990,0.020618153197934808,0,MGRC
04-12-1990,0.010101641652689564,0,MGRC
05-12-1990,0.00999965782904444,0,MGRC
06-12-1990,0.009901035325385221,0,MGRC
07-12-1990,0.0,0,MGRC
10-12-1990,0.0,0,MGRC
11-12-1990,0.0,0,MGRC
12-12-1990,0.0,0,MGRC
13-12-1990,0.0,0,MGRC
14-12-1990,0.03921595788107246,0,MGRC
17-12-1990,0.018867642238383775,0,MGRC
18-12-1990,0.0,1,MGRC
19-12-1990,-0.055555540722922014,0,MGRC
20-12-1990,0.02450982055054185,1,MGRC
21-12-1990,-0.02392346081892216,0,MGRC
24-12-1990,0.05882351278279163,0,MGRC
26-12-1990,0.027777636867756916,1,MGRC
27-12-1990,-0.027026893630816673,0,MGRC
28-12-1990,0.0,1,MGRC
31-12-1990,-0.009259301285054922,0,MGRC
02-01-1991,0.0,0,MGRC
03-01-1991,0.03271060988140673,0,MGRC
04-01-1991,0.0,1,MGRC
07-01-1991,-0.04072398150686729,0,MGRC
08-01-1991,0.014150913028674328,1,MGRC
09-01-1991,-0.0325585474926966,1,MGRC
10-01-1991,-0.07692306981394337,0,MGRC
11-01-1991,0.0625001939830705,1,MGRC
14-01-1991,-0.08333333333333337,0,MGRC
15-01-1991,0.10884865699967805,1,MGRC
16-01-1991,-0.03061237165967512,0,MGRC
17-01-1991,0.06315768635558494,0,MGRC
18-01-1991,0.0,1,MGRC
21-01-1991,-0.029702653236008292,1,MGRC
22-01-1991,-0.03061237165967512,0,MGRC
23-01-1991,0.0,0,MGRC
24-01-1991,0.010525850706667672,0,MGRC
25-01-1991,0.010416779049015279,0,MGRC
28-01-1991,0.0,0,MGRC
29-01-1991,0.0,0,MGRC
30-01-1991,0.025773190082756026,0,MGRC
31-01-1991,0.005025453238576949,1,MGRC
01-02-1991,-0.019999843734186062,0,MGRC
04-02-1991,0.025510371520615527,1,MGRC
05-02-1991,-0.039801665605368464,0,MGRC
06-02-1991,0.05699486548264998,1,MGRC
07-02-1991,-0.058823623722056295,0,MGRC
08-02-1991,0.0156256417623597,1,MGRC
11-02-1991,-0.005128723123124068,1,MGRC
12-02-1991,-0.01030938842763418,0,MGRC
13-02-1991,0.010416779049015279,0,MGRC
14-02-1991,0.010309763076073564,0,MGRC
15-02-1991,0.020408000556237926,1,MGRC
19-02-1991,-0.010000376128180166,0,MGRC
20-02-1991,0.04040474953548334,1,MGRC
21-02-1991,-0.058253012940880144,0,MGRC
22-02-1991,0.05154638016551227,1,MGRC
25-02-1991,-0.04901959736421602,0,MGRC
26-02-1991,0.010309763076073564,1,MGRC
27-02-1991,-0.010204556516096086,0,MGRC
28-02-1991,0.05154638016551227,1,MGRC
01-03-1991,-0.04901959736421602,0,MGRC
04-03-1991,0.030928165282902764,1,MGRC
05-03-1991,-0.010000376128180166,0,MGRC
06-03-1991,0.005050559278203526,0,MGRC
07-03-1991,0.0,0,MGRC
08-03-1991,0.030150893255640687,0,MGRC
11-03-1991,0.014633857516750393,1,MGRC
12-03-1991,-0.04807683235905935,0,MGRC
13-03-1991,0.015152228454319516,1,MGRC
14-03-1991,-0.03482649130476756,0,MGRC
15-03-1991,0.07216478237234125,1,MGRC
18-03-1991,-0.019230628114092263,0,MGRC
19-03-1991,0.029412079073520836,0,MGRC
20-03-1991,0.0,1,MGRC
21-03-1991,-0.02857172523173801,0,MGRC
22-03-1991,0.0,0,MGRC
25-03-1991,0.05882353465122536,0,MGRC
26-03-1991,0.03703684386696415,0,MGRC
27-03-1991,0.05357168641108112,0,MGRC
28-03-1991,0.016949794589240952,0,MGRC
01-04-1991,0.0,1,MGRC
02-04-1991,-0.033333742168163205,0,MGRC
03-04-1991,0.02586186843705285,0,MGRC
04-04-1991,0.0,1,MGRC
05-04-1991,-0.042016947225765766,0,MGRC
08-04-1991,0.04385980222101882,1,MGRC
09-04-1991,-0.05042032140163477,0,MGRC
10-04-1991,0.04721358545128962,1,MGRC
11-04-1991,-0.01694901070310284,1,MGRC
12-04-1991,-0.02586243455003645,0,MGRC
15-04-1991,0.04424802883774337,0,MGRC
16-04-1991,0.016949701681565177,0,MGRC
17-04-1991,0.00833307035645614,0,MGRC
18-04-1991,0.057851525543726856,0,MGRC
19-04-1991,0.031249438205428248,1,MGRC
22-04-1991,-0.015151868713087713,1,MGRC
23-04-1991,-0.015383725516704971,0,MGRC
24-04-1991,0.04687415730814237,1,MGRC
25-04-1991,-0.029850842131018296,1,MGRC
26-04-1991,-0.04615312782673775,0,MGRC
29-04-1991,0.06451570952405383,1,MGRC
30-04-1991,-0.015151868713087713,1,MGRC
01-05-1991,-0.015383725516704971,0,MGRC
02-05-1991,0.0,1,MGRC
03-05-1991,-0.03125014597811704,0,MGRC
06-05-1991,0.08064445425402322,0,MGRC
07-05-1991,0.0,0,MGRC
08-05-1991,0.0,0,MGRC
09-05-1991,0.014925860518756329,1,MGRC
10-05-1991,-0.0588232237714178,1,MGRC
13-05-1991,-0.01562528532086538,0,MGRC
14-05-1991,0.00793654731072202,0,MGRC
15-05-1991,0.03936977318097701,1,MGRC
16-05-1991,-0.04545430212099266,0,MGRC
17-05-1991,0.04761878055916213,1,MGRC
20-05-1991,-0.04545430212099266,0,MGRC
21-05-1991,0.01587331032365924,0,MGRC
22-05-1991,0.0,0,MGRC
23-05-1991,0.0,0,MGRC
24-05-1991,0.0,0,MGRC
28-05-1991,0.0,0,MGRC
29-05-1991,0.0,0,MGRC
30-05-1991,0.0,0,MGRC
31-05-1991,0.0,0,MGRC
03-06-1991,0.007812182608184726,1,MGRC
04-06-1991,-0.007751625494312964,0,MGRC
05-06-1991,0.04687415730814237,1,MGRC
06-06-1991,-0.029850842131018296,0,MGRC
07-06-1991,0.0,0,MGRC
10-06-1991,0.0,0,MGRC
11-06-1991,0.015384979908819707,0,MGRC
12-06-1991,0.0,1,MGRC
13-06-1991,-0.030302502040445378,0,MGRC
14-06-1991,0.015624082107294157,0,MGRC
17-06-1991,0.03076933262158188,1,MGRC
18-06-1991,-0.029850842131018296,0,MGRC
19-06-1991,0.0,0,MGRC
20-06-1991,0.03076933262158188,1,MGRC
21-06-1991,-0.04477535048593728,0,MGRC
24-06-1991,0.0,0,MGRC
25-06-1991,0.0,0,MGRC
26-06-1991,0.031249438205428248,1,MGRC
27-06-1991,-0.030302502040445378,0,MGRC
28-06-1991,0.031249438205428248,0,MGRC
01-07-1991,0.0,0,MGRC
02-07-1991,0.015151251020222745,0,MGRC
03-07-1991,0.0,1,MGRC
05-07-1991,-0.029850842131018296,0,MGRC
08-07-1991,0.03076933262158188,1,MGRC
09-07-1991,-0.010197681620449539,1,MGRC
10-07-1991,-0.030302510773023816,0,MGRC
11-07-1991,0.0,0,MGRC
12-07-1991,0.03906158043789976,0,MGRC
15-07-1991,0.007518924929249549,0,MGRC
16-07-1991,0.0,0,MGRC
17-07-1991,0.0,0,MGRC
18-07-1991,0.0,0,MGRC
19-07-1991,0.01492589434420788,1,MGRC
22-07-1991,-0.04411810430457719,0,MGRC
23-07-1991,0.0,0,MGRC
24-07-1991,0.007692506689520817,0,MGRC
25-07-1991,0.038168230523007995,1,MGRC
26-07-1991,-0.02941204743779846,0,MGRC
29-07-1991,0.030303330429926723,0,MGRC
30-07-1991,0.0,1,MGRC
31-07-1991,-0.04411810430457719,0,MGRC
01-08-1991,0.015384805312250283,0,MGRC
02-08-1991,0.045454824883035094,1,MGRC
05-08-1991,-0.014492729951103844,1,MGRC
06-08-1991,-0.05882329932648156,0,MGRC
07-08-1991,0.05468746643130573,0,MGRC
08-08-1991,0.022221980305500377,1,MGRC
09-08-1991,-0.043478516528077216,0,MGRC
12-08-1991,0.0,1,MGRC
13-08-1991,-0.01515169936733407,0,MGRC
14-08-1991,0.030769194490918528,1,MGRC
15-08-1991,-0.029850712123886236,0,MGRC
16-08-1991,0.030769194490918528,1,MGRC
19-08-1991,-0.04477539533299857,0,MGRC
20-08-1991,0.0,0,MGRC
21-08-1991,0.0,1,MGRC
22-08-1991,-0.03125015188458391,0,MGRC
23-08-1991,0.032258226357792186,1,MGRC
26-08-1991,-0.03906313010090068,1,MGRC
27-08-1991,-0.02438962708738468,0,MGRC
28-08-1991,0.0,1,MGRC
29-08-1991,-0.04166733975263259,0,MGRC
30-08-1991,0.026087082646662596,1,MGRC
03-09-1991,-0.01694897770890802,0,MGRC
04-09-1991,0.0,1,MGRC
05-09-1991,-0.04310385097734715,1,MGRC
06-09-1991,-0.04504459134308825,0,MGRC
09-09-1991,0.0,0,MGRC
10-09-1991,0.018867810581713274,1,MGRC
11-09-1991,-0.018518408753085414,0,MGRC
12-09-1991,0.07547132738557383,0,MGRC
13-09-1991,0.0,0,MGRC
16-09-1991,0.0,1,MGRC
17-09-1991,-0.017543759746324494,0,MGRC
18-09-1991,0.035714481219199845,0,MGRC
19-09-1991,0.0,0,MGRC
20-09-1991,0.0,1,MGRC
23-09-1991,-0.017241664752661978,0,MGRC
24-09-1991,0.017544155194901156,1,MGRC
25-09-1991,-0.04310385097734715,0,MGRC
26-09-1991,0.04504548484323223,1,MGRC
27-09-1991,-0.017241664752661978,0,MGRC
30-09-1991,0.017544155194901156,1,MGRC
01-10-1991,-0.03448294087493908,0,MGRC
02-10-1991,0.035714481219199845,1,MGRC
03-10-1991,-0.008620987828484972,1,MGRC
04-10-1991,-0.026086847440724203,0,MGRC
07-10-1991,0.035714481219199845,1,MGRC
08-10-1991,-0.08620684696784742,0,MGRC
09-10-1991,0.018867810581713274,0,MGRC
10-10-1991,0.024590335691604848,0,MGRC
11-10-1991,0.036363279333311516,0,MGRC
14-10-1991,0.0,1,MGRC
15-10-1991,-0.08771952859144216,0,MGRC
16-10-1991,0.019231410614557465,0,MGRC
17-10-1991,0.05660325828007884,0,MGRC
18-10-1991,0.0,0,MGRC
21-10-1991,0.0,0,MGRC
22-10-1991,0.0,1,MGRC
23-10-1991,-0.00892862787476767,1,MGRC
24-10-1991,-0.009008501255276302,0,MGRC
25-10-1991,0.0,0,MGRC
28-10-1991,0.0,0,MGRC
29-10-1991,0.0,1,MGRC
30-10-1991,-0.01818200632642919,1,MGRC
31-10-1991,-0.018518298751739937,0,MGRC
01-11-1991,0.018867696390251654,0,MGRC
04-11-1991,0.0,0,MGRC
05-11-1991,0.0,0,MGRC
06-11-1991,0.01851871369600744,0,MGRC
07-11-1991,0.0,0,MGRC
08-11-1991,0.01818135448683189,0,MGRC
11-11-1991,0.053571687223618714,0,MGRC
12-11-1991,0.0,0,MGRC
13-11-1991,0.06779709808960277,0,MGRC
14-11-1991,0.0,1,MGRC
15-11-1991,-0.04761881728273887,0,MGRC
18-11-1991,0.0,1,MGRC
19-11-1991,-0.02500058258135529,0,MGRC
20-11-1991,0.05982941731947622,1,MGRC
21-11-1991,-0.0645163482056419,0,MGRC
22-11-1991,0.0,0,MGRC
25-11-1991,0.0,1,MGRC
26-11-1991,-0.03448319290591728,0,MGRC
27-11-1991,0.03571475157403148,0,MGRC
29-11-1991,0.017241171492873963,1,MGRC
02-12-1991,-0.01694895170982047,0,MGRC
03-12-1991,0.03448327017138708,1,MGRC
04-12-1991,-0.08333378147283732,0,MGRC
05-12-1991,0.09090962423239768,1,MGRC
06-12-1991,-0.05000079171312377,1,MGRC
09-12-1991,-0.03508738688300872,0,MGRC
10-12-1991,0.07272704754632087,1,MGRC
11-12-1991,-0.05084769064437489,1,MGRC
12-12-1991,-0.017856695574626213,0,MGRC
13-12-1991,0.0,0,MGRC
16-12-1991,0.05454544861963995,1,MGRC
17-12-1991,-0.043103933183294085,0,MGRC
18-12-1991,0.009009066476838301,1,MGRC
19-12-1991,-0.03571403134914841,0,MGRC
20-12-1991,0.0,0,MGRC
23-12-1991,0.01851871369600744,1,MGRC
24-12-1991,-0.01818200632642919,0,MGRC
26-12-1991,0.03703676348118656,0,MGRC
27-12-1991,0.0,0,MGRC
30-12-1991,0.0,0,MGRC
31-12-1991,0.053571687223618714,0,MGRC
02-01-1992,0.0,0,MGRC
03-01-1992,0.016949863180635072,0,MGRC
06-01-1992,0.016665934705476948,1,MGRC
07-01-1992,-0.06557387647488522,0,MGRC
08-01-1992,0.052632456192557964,1,MGRC
09-01-1992,-0.01666735381390616,0,MGRC
10-01-1992,0.07361995343295602,0,MGRC
13-01-1992,0.0,0,MGRC
14-01-1992,0.0,0,MGRC
15-01-1992,0.04761906446368469,0,MGRC
16-01-1992,0.0,1,MGRC
17-01-1992,-0.03030315308790299,0,MGRC
20-01-1992,0.01562482154223721,1,MGRC
21-01-1992,-0.02307697213131088,1,MGRC
22-01-1992,-0.023621677500793803,0,MGRC
23-01-1992,0.032257906825092775,0,MGRC
24-01-1992,0.0,0,MGRC
27-01-1992,0.0,1,MGRC
28-01-1992,-0.03124985201063568,0,MGRC
29-01-1992,0.0,0,MGRC
30-01-1992,0.0,0,MGRC
31-01-1992,0.0,0,MGRC
03-02-1992,0.0,0,MGRC
04-02-1992,0.032257906825092775,1,MGRC
05-02-1992,-0.015624891184291001,0,MGRC
06-02-1992,0.031745736403396396,0,MGRC
07-02-1992,0.0,1,MGRC
10-02-1992,-0.03076895332183316,0,MGRC
11-02-1992,0.031745736403396396,0,MGRC
12-02-1992,0.0,1,MGRC
13-02-1992,-0.03076895332183316,0,MGRC
14-02-1992,0.031745736403396396,1,MGRC
18-02-1992,-0.03076895332183316,0,MGRC
19-02-1992,0.015872903575435915,0,MGRC
20-02-1992,0.0,0,MGRC
21-02-1992,0.0,0,MGRC
24-02-1992,0.0,0,MGRC
25-02-1992,0.0,0,MGRC
26-02-1992,0.01562482154223721,1,MGRC
27-02-1992,-0.015384442375591778,1,MGRC
28-02-1992,-0.015624891184291001,0,MGRC
02-03-1992,0.0,0,MGRC
03-03-1992,0.0,0,MGRC
04-03-1992,0.031745736403396396,1,MGRC
05-03-1992,-0.015384442375591778,0,MGRC
06-03-1992,0.01562482154223721,1,MGRC
09-03-1992,-0.03076895332183316,0,MGRC
10-03-1992,0.0,0,MGRC
11-03-1992,0.015872903575435915,1,MGRC
12-03-1992,-0.007812724160360607,0,MGRC
13-03-1992,0.02362209864338749,0,MGRC
16-03-1992,0.0,1,MGRC
17-03-1992,-0.03076895332183316,0,MGRC
18-03-1992,0.023808647888400092,0,MGRC
19-03-1992,0.02325670585454942,0,MGRC
20-03-1992,0.09090925666866889,1,MGRC
23-03-1992,-0.0555560817398153,0,MGRC
24-03-1992,0.05882411932109033,1,MGRC
25-03-1992,-0.0555560817398153,0,MGRC
26-03-1992,0.0,0,MGRC
27-03-1992,0.0,0,MGRC
30-03-1992,0.0,0,MGRC
31-03-1992,0.04411794201348629,1,MGRC
01-04-1992,-0.056338577237408094,0,MGRC
02-04-1992,0.0,0,MGRC
03-04-1992,0.0,0,MGRC
06-04-1992,0.014925676959405054,1,MGRC
07-04-1992,-0.01470617730760404,0,MGRC
08-04-1992,0.0,0,MGRC
09-04-1992,0.0,0,MGRC
10-04-1992,0.014925676959405054,1,MGRC
13-04-1992,-0.00946168676575121,0,MGRC
14-04-1992,0.05970158339977516,1,MGRC
15-04-1992,-0.021127165567253803,0,MGRC
16-04-1992,0.007194576869916869,1,MGRC
20-04-1992,-0.02857121865898682,1,MGRC
21-04-1992,-0.014706097124304929,0,MGRC
22-04-1992,0.0,0,MGRC
23-04-1992,0.0,0,MGRC
24-04-1992,0.052239083989529256,0,MGRC
27-04-1992,0.007092018842288272,0,MGRC
28-04-1992,0.0,1,MGRC
29-04-1992,-0.042253394480598394,1,MGRC
30-04-1992,-0.014706097124304929,0,MGRC
01-05-1992,0.05970158339977516,0,MGRC
04-05-1992,0.0,0,MGRC
05-05-1992,0.0,1,MGRC
06-05-1992,-0.042253394480598394,1,MGRC
07-05-1992,-0.014706097124304929,0,MGRC
08-05-1992,0.0,0,MGRC
11-05-1992,0.0,0,MGRC
12-05-1992,0.01492559436466978,1,MGRC
13-05-1992,-0.10294131070269064,1,MGRC
14-05-1992,-0.008197096627520106,1,MGRC
15-05-1992,-0.024792920885236658,0,MGRC
18-05-1992,0.0,0,MGRC
19-05-1992,0.0,1,MGRC
20-05-1992,-0.01694932575561403,0,MGRC
21-05-1992,0.0,0,MGRC
22-05-1992,0.0,0,MGRC
26-05-1992,0.0,0,MGRC
27-05-1992,0.051724217006460904,1,MGRC
28-05-1992,-0.04918039935762286,0,MGRC
29-05-1992,0.008620320636515189,1,MGRC
01-06-1992,-0.025640695290587434,0,MGRC
02-06-1992,0.008772254592790185,0,MGRC
03-06-1992,0.04347854582004773,1,MGRC
04-06-1992,-0.0666668784891129,0,MGRC
05-06-1992,0.017856768215584573,0,MGRC
08-06-1992,0.0,1,MGRC
09-06-1992,-0.017543498037439376,0,MGRC
10-06-1992,0.0,0,MGRC
11-06-1992,0.0,0,MGRC
12-06-1992,0.0,0,MGRC
15-06-1992,0.0,0,MGRC
16-06-1992,0.0,0,MGRC
17-06-1992,0.03571393227885311,1,MGRC
18-06-1992,-0.06896569911486006,0,MGRC
19-06-1992,0.018519043057706908,1,MGRC
22-06-1992,-0.03636376094115823,0,MGRC
23-06-1992,0.05660393299500477,0,MGRC
24-06-1992,0.017856768215584573,1,MGRC
25-06-1992,-0.07017523663977754,0,MGRC
26-06-1992,0.0,1,MGRC
29-06-1992,-0.018868618988139296,0,MGRC
30-06-1992,0.019231490657937833,0,MGRC
01-07-1992,0.0,1,MGRC
02-07-1992,-0.05660359839162854,0,MGRC
06-07-1992,0.0,0,MGRC
07-07-1992,0.0,0,MGRC
08-07-1992,0.0,0,MGRC
09-07-1992,0.0,0,MGRC
10-07-1992,0.01999957970477717,1,MGRC
13-07-1992,-0.019607439162441342,0,MGRC
14-07-1992,0.00725230934047616,1,MGRC
15-07-1992,-0.030000500898933136,1,MGRC
16-07-1992,-0.020618246078696112,0,MGRC
17-07-1992,0.0,1,MGRC
20-07-1992,-0.010526524528901904,1,MGRC
21-07-1992,-0.021276553900834272,1,MGRC
22-07-1992,-0.032609252089336405,1,MGRC
23-07-1992,-0.011235394926258135,0,MGRC
24-07-1992,0.09090930916895879,0,MGRC
27-07-1992,0.0,0,MGRC
28-07-1992,0.0,1,MGRC
29-07-1992,-0.020833562581933474,0,MGRC
30-07-1992,0.02127683485237597,1,MGRC
31-07-1992,-0.020833562581933474,0,MGRC
03-08-1992,0.0,0,MGRC
04-08-1992,0.0638302236055861,1,MGRC
05-08-1992,-0.06000038557773757,0,MGRC
06-08-1992,0.02127683485237597,0,MGRC
07-08-1992,0.062499679051959856,0,MGRC
10-08-1992,0.058823331417066305,0,MGRC
11-08-1992,0.0,0,MGRC
12-08-1992,0.0,1,MGRC
13-08-1992,-0.037037381193128605,0,MGRC
14-08-1992,0.0,0,MGRC
17-08-1992,0.057693076014893485,0,MGRC
18-08-1992,0.0,0,MGRC
19-08-1992,0.0,1,MGRC
20-08-1992,-0.05454614133645064,0,MGRC
21-08-1992,0.057693076014893485,0,MGRC
24-08-1992,0.0,1,MGRC
25-08-1992,-0.036363720757445206,0,MGRC
26-08-1992,0.01886763777570377,0,MGRC
27-08-1992,0.018518894373197092,0,MGRC
28-08-1992,0.03636356070022173,1,MGRC
31-08-1992,-0.0877198943344254,0,MGRC
01-09-1992,0.09615456238676545,1,MGRC
02-09-1992,-0.04385975411572274,0,MGRC
03-09-1992,0.027523408501725966,0,MGRC
04-09-1992,0.0178567863522332,1,MGRC
08-09-1992,-0.07017545214396437,0,MGRC
09-09-1992,0.0,0,MGRC
10-09-1992,0.0,0,MGRC
11-09-1992,0.07547171378274853,1,MGRC
14-09-1992,-0.026315466366453766,1,MGRC
15-09-1992,-0.02702763790999052,0,MGRC
16-09-1992,0.03703770723574129,1,MGRC
17-09-1992,-0.07142950339416254,0,MGRC
18-09-1992,0.0769241577836639,1,MGRC
21-09-1992,-0.03571490889609652,0,MGRC
22-09-1992,0.0,0,MGRC
23-09-1992,0.018518894373197092,0,MGRC
24-09-1992,0.01818210046455815,1,MGRC
25-09-1992,-0.01785741514829453,0,MGRC
28-09-1992,0.01818210046455815,1,MGRC
29-09-1992,-0.01785741514829453,0,MGRC
30-09-1992,0.01818210046455815,1,MGRC
01-10-1992,-0.05357177384783729,0,MGRC
02-10-1992,0.04717017407062629,0,MGRC
05-10-1992,0.0,1,MGRC
06-10-1992,-0.0630639861750969,0,MGRC
07-10-1992,0.0,0,MGRC
08-10-1992,0.0,0,MGRC
09-10-1992,0.0,0,MGRC
12-10-1992,0.0,0,MGRC
13-10-1992,0.02884708820455284,1,MGRC
14-10-1992,-0.021453266074009325,0,MGRC
15-10-1992,0.0,0,MGRC
16-10-1992,0.03846128299955254,0,MGRC
19-10-1992,0.01851888584695982,0,MGRC
20-10-1992,0.0,0,MGRC
21-10-1992,0.0,1,MGRC
22-10-1992,-0.018182172274164743,1,MGRC
23-10-1992,-0.0185178333385283,0,MGRC
26-10-1992,0.03773549886440519,0,MGRC
27-10-1992,0.0,1,MGRC
28-10-1992,-0.018182172274164743,1,MGRC
29-10-1992,-0.03703680014767485,0,MGRC
30-10-1992,0.0,0,MGRC
02-11-1992,0.009616035396709188,0,MGRC
03-11-1992,0.009523615214733772,0,MGRC
04-11-1992,0.018867213249036396,0,MGRC
05-11-1992,0.0,0,MGRC
06-11-1992,0.0,0,MGRC
09-11-1992,0.0,1,MGRC
10-11-1992,-0.03703680014767485,0,MGRC
11-11-1992,0.03846128299955254,0,MGRC
12-11-1992,0.0,1,MGRC
13-11-1992,-0.03703680014767485,1,MGRC
16-11-1992,-0.01923038927148646,1,MGRC
17-11-1992,-0.068627440054706,1,MGRC
18-11-1992,-0.03157941532507447,0,MGRC
19-11-1992,0.0,0,MGRC
20-11-1992,0.0,0,MGRC
23-11-1992,0.0,0,MGRC
24-11-1992,0.0543479924114223,0,MGRC
25-11-1992,0.010308983758045676,1,MGRC
27-11-1992,-0.02040794293756154,1,MGRC
30-11-1992,-0.0416667539540021,0,MGRC
01-12-1992,0.0652172487405196,1,MGRC
02-12-1992,-0.02040794293756154,0,MGRC
03-12-1992,0.0,0,MGRC
04-12-1992,0.020833103729689384,0,MGRC
07-12-1992,0.0,0,MGRC
08-12-1992,0.0,0,MGRC
09-12-1992,0.0,1,MGRC
10-12-1992,-0.02040794293756154,0,MGRC
11-12-1992,0.0,0,MGRC
14-12-1992,0.020833103729689384,0,MGRC
15-12-1992,0.0,1,MGRC
16-12-1992,-0.02040794293756154,0,MGRC
17-12-1992,0.010416734029719432,1,MGRC
18-12-1992,-0.010309344331794312,1,MGRC
21-12-1992,-0.02083328589456368,0,MGRC
22-12-1992,0.031914912419008346,0,MGRC
23-12-1992,0.0,0,MGRC
24-12-1992,0.0,1,MGRC
28-12-1992,-0.010309344331794312,1,MGRC
29-12-1992,-0.062499493353942115,0,MGRC
30-12-1992,0.06666609021635228,1,MGRC
31-12-1992,-0.0416667539540021,0,MGRC
04-01-1993,0.010870301797168969,0,MGRC
05-01-1993,0.0,1,MGRC
06-01-1993,-0.032258158536649595,0,MGRC
07-01-1993,0.04444393060483853,1,MGRC
08-01-1993,-0.021276732306481416,0,MGRC
11-01-1993,0.043478355912116795,0,MGRC
12-01-1993,0.018052174752586136,0,MGRC
13-01-1993,0.030928060103454724,0,MGRC
14-01-1993,0.0,0,MGRC
15-01-1993,0.03999964592406524,1,MGRC
18-01-1993,-0.03846121109832168,1,MGRC
19-01-1993,-0.020000343661936593,0,MGRC
20-01-1993,0.0,0,MGRC
21-01-1993,0.0,0,MGRC
22-01-1993,0.040816687977291766,1,MGRC
25-01-1993,-0.03921601992817236,0,MGRC
26-01-1993,0.020408521097518895,0,MGRC
27-01-1993,0.00999969452272298,1,MGRC
28-01-1993,-0.029703017087382544,0,MGRC
29-01-1993,0.020408521097518895,0,MGRC
01-02-1993,0.03999964592406524,1,MGRC
02-02-1993,-0.05769231732063762,0,MGRC
03-02-1993,0.040816687977291766,1,MGRC
04-02-1993,-0.01960783980071823,0,MGRC
05-02-1993,0.0,0,MGRC
08-02-1993,0.0,0,MGRC
09-02-1993,0.0,0,MGRC
10-02-1993,0.00999969452272298,0,MGRC
11-02-1993,0.0,0,MGRC
12-02-1993,0.029702931163279933,1,MGRC
16-02-1993,-0.0288461169375559,0,MGRC
17-02-1993,0.0,0,MGRC
18-02-1993,0.029702931163279933,1,MGRC
19-02-1993,-0.00961509416076578,1,MGRC
22-02-1993,-0.019417726041062844,0,MGRC
23-02-1993,0.00990129210946944,0,MGRC
24-02-1993,0.07843110395782116,1,MGRC
25-02-1993,-0.027272689977407838,1,MGRC
26-02-1993,-0.028037505973451227,1,MGRC
01-03-1993,-0.01923043865810914,0,MGRC
02-03-1993,0.058822753666999406,1,MGRC
03-03-1993,-0.03703665609489726,0,MGRC
04-03-1993,0.05769240076616344,1,MGRC
05-03-1993,-0.018182292979922132,0,MGRC
08-03-1993,0.018519011064800805,1,MGRC
09-03-1993,-0.009091343724823009,1,MGRC
10-03-1993,-0.027522273272256426,0,MGRC
11-03-1993,0.0,0,MGRC
12-03-1993,0.0,0,MGRC
15-03-1993,0.009433756041776986,0,MGRC
16-03-1993,0.028037343761608158,0,MGRC
17-03-1993,0.0,0,MGRC
18-03-1993,0.0,0,MGRC
19-03-1993,0.0,1,MGRC
22-03-1993,-0.05454553774270543,0,MGRC
23-03-1993,0.05769240076616344,1,MGRC
24-03-1993,-0.018182292979922132,0,MGRC
25-03-1993,0.0,0,MGRC
26-03-1993,0.0,0,MGRC
29-03-1993,0.0,0,MGRC
30-03-1993,0.0,0,MGRC
31-03-1993,0.009259304644943844,1,MGRC
01-04-1993,-0.027522273272256426,0,MGRC
02-04-1993,0.018867184599334008,0,MGRC
05-04-1993,0.0,0,MGRC
06-04-1993,0.0,0,MGRC
07-04-1993,0.0,1,MGRC
08-04-1993,-0.018517805740061788,1,MGRC
12-04-1993,-0.03773584287765619,0,MGRC
13-04-1993,0.03921567960143646,1,MGRC
14-04-1993,-0.01140725781989338,1,MGRC
15-04-1993,-0.019230232520968782,0,MGRC
16-04-1993,0.039215161424772216,1,MGRC
19-04-1993,-0.0377353630705386,0,MGRC
20-04-1993,0.039215161424772216,1,MGRC
21-04-1993,-0.018867965921436802,1,MGRC
22-04-1993,-0.019230232520968782,0,MGRC
23-04-1993,0.0,1,MGRC
26-04-1993,-0.09803929681446744,0,MGRC
27-04-1993,0.0326080983301118,0,MGRC
28-04-1993,0.010526340602086348,1,MGRC
29-04-1993,-0.04166613584062662,0,MGRC
30-04-1993,0.0,0,MGRC
03-05-1993,0.06521685198459837,1,MGRC
04-05-1993,-0.04081571670860884,0,MGRC
05-05-1993,0.03191375511661865,0,MGRC
06-05-1993,0.0,1,MGRC
07-05-1993,-0.010308862766422067,0,MGRC
10-05-1993,0.0,0,MGRC
11-05-1993,0.0416669432943213,1,MGRC
12-05-1993,-0.04000025493997883,0,MGRC
13-05-1993,0.031250342046356794,0,MGRC
14-05-1993,0.0,0,MGRC
17-05-1993,0.010100943314398814,1,MGRC
18-05-1993,-0.020000213598360683,0,MGRC
19-05-1993,0.0,1,MGRC
20-05-1993,-0.06122401449347459,0,MGRC
21-05-1993,0.02173926272075888,0,MGRC
24-05-1993,0.0,0,MGRC
25-05-1993,0.042552528663784894,1,MGRC
26-05-1993,-0.04081571670860884,0,MGRC
27-05-1993,0.042552528663784894,0,MGRC
28-05-1993,0.0,0,MGRC
01-06-1993,0.010204368607713565,0,MGRC
02-06-1993,0.0,0,MGRC
03-06-1993,0.010100943314398814,0,MGRC
04-06-1993,0.0,1,MGRC
07-06-1993,-0.020000213598360683,0,MGRC
08-06-1993,0.04081694711418038,0,MGRC
09-06-1993,0.0,0,MGRC
10-06-1993,0.019607285173969036,0,MGRC
11-06-1993,0.0,0,MGRC
14-06-1993,0.028846301162642085,0,MGRC
15-06-1993,0.0,0,MGRC
16-06-1993,0.0,1,MGRC
17-06-1993,-0.028037522349105504,0,MGRC
18-06-1993,0.0,1,MGRC
21-06-1993,-0.019230232520968782,0,MGRC
22-06-1993,0.058822699917384424,1,MGRC
23-06-1993,-0.027777128713400323,0,MGRC
24-06-1993,0.009523416575425214,1,MGRC
25-06-1993,-0.009433576694764856,0,MGRC
28-06-1993,0.0,0,MGRC
29-06-1993,0.028570741888268136,0,MGRC
30-06-1993,0.0,0,MGRC
01-07-1993,0.009259521395611925,0,MGRC
02-07-1993,0.009174648291979226,0,MGRC
06-07-1993,0.0,0,MGRC
07-07-1993,0.0,1,MGRC
08-07-1993,-0.03636393959239048,0,MGRC
09-07-1993,0.0,0,MGRC
12-07-1993,0.05660341024516602,1,MGRC
13-07-1993,-0.046762190765357814,0,MGRC
14-07-1993,0.0,0,MGRC
15-07-1993,0.0,0,MGRC
16-07-1993,0.056603428061760885,0,MGRC
19-07-1993,0.0,1,MGRC
20-07-1993,-0.053571119076903484,0,MGRC
21-07-1993,0.056603428061760885,1,MGRC
22-07-1993,-0.0089279599382871,0,MGRC
23-07-1993,0.0,0,MGRC
26-07-1993,0.00900838645163593,1,MGRC
27-07-1993,-0.035714130285317225,0,MGRC
28-07-1993,0.0,0,MGRC
29-07-1993,0.0,0,MGRC
30-07-1993,0.0,0,MGRC
02-08-1993,0.03703686988163013,0,MGRC
03-08-1993,0.0,0,MGRC
04-08-1993,0.017857675951236773,1,MGRC
05-08-1993,-0.052631922421264465,0,MGRC
06-08-1993,0.01851906837183126,1,MGRC
09-08-1993,-0.01818234822194853,0,MGRC
10-08-1993,0.01851906837183126,0,MGRC
11-08-1993,0.01818110439444265,0,MGRC
12-08-1993,0.017857675951236773,1,MGRC
13-08-1993,-0.035087548219293496,1,MGRC
16-08-1993,-0.01818234822194853,0,MGRC
17-08-1993,0.0,0,MGRC
18-08-1993,0.0,0,MGRC
19-08-1993,0.0,0,MGRC
20-08-1993,0.01851906837183126,0,MGRC
23-08-1993,0.0,0,MGRC
24-08-1993,0.01818110439444265,1,MGRC
25-08-1993,-0.0089279599382871,0,MGRC
26-08-1993,0.0,1,MGRC
27-08-1993,-0.02702747052107557,0,MGRC
30-08-1993,0.046296760372492196,0,MGRC
31-08-1993,0.03539760057670671,0,MGRC
01-09-1993,0.0,1,MGRC
02-09-1993,-0.025640512149525563,0,MGRC
03-09-1993,0.017543624086565623,0,MGRC
07-09-1993,0.0,0,MGRC
08-09-1993,0.034482524755880206,1,MGRC
09-09-1993,-0.033333114799612096,0,MGRC
10-09-1993,0.0,1,MGRC
13-09-1993,-0.008620244168130231,0,MGRC
14-09-1993,0.0,0,MGRC
15-09-1993,0.008695198905788626,0,MGRC
16-09-1993,0.0,0,MGRC
17-09-1993,0.0,1,MGRC
20-09-1993,-0.008620244168130231,1,MGRC
21-09-1993,-0.026087678776367862,0,MGRC
22-09-1993,0.017857675951236773,1,MGRC
23-09-1993,-0.035087548219293496,0,MGRC
24-09-1993,0.009090824284488264,0,MGRC
27-09-1993,0.01801800552522792,0,MGRC
28-09-1993,0.026548351783236557,0,MGRC
29-09-1993,0.0,0,MGRC
30-09-1993,0.0,0,MGRC
01-10-1993,0.008620391604640787,0,MGRC
04-10-1993,0.02564109685517524,0,MGRC
05-10-1993,0.0,0,MGRC
06-10-1993,0.0,1,MGRC
07-10-1993,-0.01666666429130015,0,MGRC
08-10-1993,0.0,0,MGRC
11-10-1993,0.0,1,MGRC
12-10-1993,-0.010238683270720306,0,MGRC
13-10-1993,0.0,0,MGRC
14-10-1993,0.017241046040066932,1,MGRC
15-10-1993,-0.016948830473547227,0,MGRC
18-10-1993,0.0,0,MGRC
19-10-1993,0.0,0,MGRC
20-10-1993,0.017241046040066932,1,MGRC
21-10-1993,-0.033897804902099815,0,MGRC
22-10-1993,0.0,0,MGRC
25-10-1993,0.0,1,MGRC
26-10-1993,-0.008771758598390189,0,MGRC
27-10-1993,0.02654830008065656,0,MGRC
28-10-1993,0.0,0,MGRC
29-10-1993,0.0,0,MGRC
01-11-1993,0.0,1,MGRC
02-11-1993,-0.017241192477007172,1,MGRC
03-11-1993,-0.03508755591449442,0,MGRC
04-11-1993,0.0,1,MGRC
05-11-1993,-0.01818246395639056,0,MGRC
08-11-1993,0.009259318968989572,0,MGRC
09-11-1993,0.02752287787552321,1,MGRC
10-11-1993,-0.017856499627089018,0,MGRC
11-11-1993,0.018181151349379254,0,MGRC
12-11-1993,0.0,0,MGRC
15-11-1993,0.0,1,MGRC
16-11-1993,-0.017856499627089018,0,MGRC
17-11-1993,0.0,0,MGRC
18-11-1993,0.0,0,MGRC
19-11-1993,0.018181151349379254,0,MGRC
22-11-1993,0.0,1,MGRC
23-11-1993,-0.008927870646354918,1,MGRC
24-11-1993,-0.04504530354696379,0,MGRC
26-11-1993,0.0,0,MGRC
29-11-1993,0.0,0,MGRC
30-11-1993,0.03773607582791039,1,MGRC
01-12-1993,-0.02727296241890298,0,MGRC
02-12-1993,0.028037631694419973,0,MGRC
03-12-1993,0.0,1,MGRC
06-12-1993,-0.036363846942301326,0,MGRC
07-12-1993,0.03773607582791039,0,MGRC
08-12-1993,0.04545465425352235,1,MGRC
09-12-1993,-0.026087695715140247,0,MGRC
10-12-1993,0.0,0,MGRC
13-12-1993,0.05357139471721517,1,MGRC
14-12-1993,-0.016948830473547227,1,MGRC
15-12-1993,-0.034483043920245704,0,MGRC
16-12-1993,0.05357139471721517,1,MGRC
17-12-1993,-0.016948830473547227,0,MGRC
20-12-1993,0.0,0,MGRC
21-12-1993,0.017241046040066932,0,MGRC
22-12-1993,0.01694940629356889,1,MGRC
23-12-1993,-0.03333325783694929,1,MGRC
27-12-1993,-0.017241192477007172,0,MGRC
28-12-1993,0.05263129662024624,0,MGRC
29-12-1993,0.0,1,MGRC
30-12-1993,-0.01666691202991466,1,MGRC
31-12-1993,-0.016948830473547227,0,MGRC
03-01-1994,0.0,0,MGRC
04-01-1994,0.0,0,MGRC
05-01-1994,0.03448267782789505,1,MGRC
06-01-1994,-0.03333325783694929,0,MGRC
07-01-1994,0.017241046040066932,1,MGRC
10-01-1994,-0.016948830473547227,0,MGRC
11-01-1994,0.0,0,MGRC
12-01-1994,0.0,1,MGRC
13-01-1994,-0.010416425655869088,0,MGRC
14-01-1994,0.0,0,MGRC
17-01-1994,0.01754379474633949,0,MGRC
18-01-1994,0.0,0,MGRC
19-01-1994,0.03448241511207617,0,MGRC
20-01-1994,0.08333347977029582,0,MGRC
21-01-1994,0.015385146425624496,0,MGRC
24-01-1994,0.015150432728927132,1,MGRC
25-01-1994,-0.029850219212813167,0,MGRC
26-01-1994,0.02307713569296621,1,MGRC
27-01-1994,-0.022556594109920503,0,MGRC
28-01-1994,0.0,1,MGRC
31-01-1994,-0.046153427909141564,0,MGRC
01-02-1994,0.0,1,MGRC
02-02-1994,-0.008064722938742608,1,MGRC
03-02-1994,-0.024390600159657105,0,MGRC
04-02-1994,0.016666752185852785,1,MGRC
07-02-1994,-0.016393525361205086,0,MGRC
08-02-1994,0.0,0,MGRC
09-02-1994,0.03333392611015795,0,MGRC
10-02-1994,0.0,0,MGRC
11-02-1994,0.0,0,MGRC
14-02-1994,0.0,0,MGRC
15-02-1994,0.03225739526454641,1,MGRC
16-02-1994,-0.015624488271419823,0,MGRC
17-02-1994,0.015872487770427046,0,MGRC
18-02-1994,0.0,0,MGRC
22-02-1994,0.015625213134438765,1,MGRC
23-02-1994,-0.015384822011474064,0,MGRC
24-02-1994,0.015625213134438765,1,MGRC
25-02-1994,-0.015384822011474064,0,MGRC
28-02-1994,0.015625213134438765,0,MGRC
01-03-1994,0.0,0,MGRC
02-03-1994,0.030768670780497942,0,MGRC
03-03-1994,0.014926148216451551,0,MGRC
04-03-1994,0.0,0,MGRC
07-03-1994,0.0,0,MGRC
08-03-1994,0.02941190516370784,0,MGRC
09-03-1994,0.0,0,MGRC
10-03-1994,0.0,1,MGRC
11-03-1994,-0.04285800440812837,0,MGRC
14-03-1994,0.04477705983596114,0,MGRC
15-03-1994,0.0,0,MGRC
16-03-1994,0.0,1,MGRC
17-03-1994,-0.014286021552149641,0,MGRC
18-03-1994,0.014493069860534114,1,MGRC
21-03-1994,-0.028571561117733957,0,MGRC
22-03-1994,0.014705704500499683,0,MGRC
23-03-1994,0.0,1,MGRC
24-03-1994,-0.02898607859956448,0,MGRC
25-03-1994,0.02985135224195301,1,MGRC
28-03-1994,-0.02898607859956448,1,MGRC
29-03-1994,-0.029850219212813167,0,MGRC
30-03-1994,0.0,1,MGRC
31-03-1994,-0.015384822011474064,0,MGRC
04-04-1994,0.015625213134438765,1,MGRC
05-04-1994,-0.0076925083299820285,1,MGRC
06-04-1994,-0.007751945587497366,1,MGRC
07-04-1994,-0.015624488271419823,0,MGRC
08-04-1994,0.007936043057468423,0,MGRC
11-04-1994,0.0,0,MGRC
12-04-1994,0.030764525486119965,1,MGRC
13-04-1994,-0.023077154045331838,0,MGRC
14-04-1994,0.0,1,MGRC
15-04-1994,-0.023621629700255498,0,MGRC
18-04-1994,0.0,0,MGRC
19-04-1994,0.008064437682742343,0,MGRC
20-04-1994,0.03999988206139782,0,MGRC
21-04-1994,0.0,1,MGRC
22-04-1994,-0.04615366375819285,0,MGRC
25-04-1994,0.04838689630034132,0,MGRC
26-04-1994,0.0,1,MGRC
28-04-1994,-0.04615366375819285,0,MGRC
29-04-1994,0.0,0,MGRC
02-05-1994,0.0,0,MGRC
03-05-1994,0.0,0,MGRC
04-05-1994,0.008064437682742343,1,MGRC
05-05-1994,-0.04000035113538358,0,MGRC
06-05-1994,0.0,0,MGRC
09-05-1994,0.01666651193734392,0,MGRC
10-05-1994,0.016394048167579278,0,MGRC
11-05-1994,0.032257615629025294,0,MGRC
12-05-1994,0.03125042945021339,0,MGRC
13-05-1994,0.0,1,MGRC
16-05-1994,-0.03030343412014269,0,MGRC
17-05-1994,0.0468752188151087,0,MGRC
18-05-1994,0.0,1,MGRC
19-05-1994,-0.044776319061371805,0,MGRC
20-05-1994,0.0,0,MGRC
23-05-1994,0.01562524744512306,0,MGRC
24-05-1994,0.03076919508312459,0,MGRC
25-05-1994,0.0,1,MGRC
26-05-1994,-0.007462428130841192,0,MGRC
27-05-1994,0.02255623376458149,0,MGRC
31-05-1994,0.007352932119029543,0,MGRC
01-06-1994,0.007299566852462247,1,MGRC
02-06-1994,-0.014493035120995756,0,MGRC
03-06-1994,0.007352932119029543,1,MGRC
06-06-1994,-0.02189790572395023,0,MGRC
07-06-1994,0.0,0,MGRC
08-06-1994,0.0,1,MGRC
09-06-1994,-0.029850712681264602,0,MGRC
10-06-1994,0.007692814236757828,1,MGRC
13-06-1994,-0.0076340866264730245,0,MGRC
14-06-1994,0.04615392149118125,0,MGRC
15-06-1994,0.0,1,MGRC
16-06-1994,-0.04411771589537583,0,MGRC
17-06-1994,0.04615392149118125,1,MGRC
20-06-1994,-0.04411771589537583,0,MGRC
21-06-1994,0.0,0,MGRC
22-06-1994,0.0,0,MGRC
23-06-1994,0.0,0,MGRC
24-06-1994,0.0,0,MGRC
27-06-1994,0.0,0,MGRC
28-06-1994,0.0,0,MGRC
29-06-1994,0.0,0,MGRC
30-06-1994,0.04615392149118125,1,MGRC
01-07-1994,-0.02205867317588972,1,MGRC
05-07-1994,-0.022556611643689717,0,MGRC
06-07-1994,0.023077154045331838,1,MGRC
07-07-1994,-0.022556611643689717,0,MGRC
08-07-1994,0.0,0,MGRC
11-07-1994,0.023077154045331838,1,MGRC
12-07-1994,-0.008477465872163248,0,MGRC
13-07-1994,0.0,1,MGRC
14-07-1994,-0.04580084159240949,0,MGRC
15-07-1994,0.015999216637688773,1,MGRC
18-07-1994,-0.007873734584220249,1,MGRC
19-07-1994,-0.011905158924213621,1,MGRC
20-07-1994,-0.03614452838864546,0,MGRC
21-07-1994,0.03749994626084319,1,MGRC
22-07-1994,-0.03614452838864546,0,MGRC
25-07-1994,0.0,0,MGRC
26-07-1994,0.0,0,MGRC
27-07-1994,0.0,0,MGRC
28-07-1994,0.033334156178054464,1,MGRC
29-07-1994,-0.03225883512971839,0,MGRC
01-08-1994,0.0,0,MGRC
02-08-1994,0.008333729731843764,1,MGRC
03-08-1994,-0.008264852683307455,0,MGRC
04-08-1994,0.0,0,MGRC
05-08-1994,0.0,0,MGRC
08-08-1994,0.0,0,MGRC
09-08-1994,0.0,0,MGRC
10-08-1994,0.033334156178054464,0,MGRC
11-08-1994,0.0,0,MGRC
12-08-1994,0.0,1,MGRC
15-08-1994,-0.016129719532824716,0,MGRC
16-08-1994,0.03278714576322228,1,MGRC
17-08-1994,-0.015872576662058213,0,MGRC
18-08-1994,0.0,0,MGRC
19-08-1994,0.04838627312680388,1,MGRC
22-08-1994,-0.03846074329845783,0,MGRC
23-08-1994,0.03999913995232318,1,MGRC
24-08-1994,-0.061538379806528765,0,MGRC
25-08-1994,0.06557367768949596,1,MGRC
26-08-1994,-0.061538379806528765,0,MGRC
29-08-1994,0.008197178614411937,0,MGRC
30-08-1994,0.0,1,MGRC
31-08-1994,-0.008130531197952262,0,MGRC
01-09-1994,0.028688283639594747,1,MGRC
02-09-1994,-0.027888218516587848,0,MGRC
06-09-1994,0.0,0,MGRC
07-09-1994,0.0,0,MGRC
08-09-1994,0.06557367768949596,0,MGRC
09-09-1994,0.0,1,MGRC
12-09-1994,-0.03846074329845783,1,MGRC
13-09-1994,-0.008000041005369107,0,MGRC
14-09-1994,0.0,0,MGRC
15-09-1994,0.0,0,MGRC
16-09-1994,0.03225769436184889,1,MGRC
19-09-1994,-0.031249652618759005,0,MGRC
20-09-1994,0.04838627312680388,1,MGRC
21-09-1994,-0.03076890187205561,0,MGRC
22-09-1994,0.0,0,MGRC
23-09-1994,0.04761924888039326,0,MGRC
26-09-1994,0.0,0,MGRC
27-09-1994,0.0,1,MGRC
28-09-1994,-0.06060582182916763,0,MGRC
29-09-1994,0.06451585845164365,0,MGRC
30-09-1994,0.0,0,MGRC
03-10-1994,0.0,1,MGRC
04-10-1994,-0.06060582182916763,0,MGRC
05-10-1994,0.0,0,MGRC
06-10-1994,0.0,0,MGRC
07-10-1994,0.0,0,MGRC
10-10-1994,0.0,0,MGRC
11-10-1994,0.0,0,MGRC
12-10-1994,0.0,0,MGRC
13-10-1994,0.0,0,MGRC
14-10-1994,0.0,0,MGRC
17-10-1994,0.05587984305449867,1,MGRC
18-10-1994,-0.02307680379343402,1,MGRC
19-10-1994,-0.023621596989044646,0,MGRC
20-10-1994,0.03225776791509105,1,MGRC
21-10-1994,-0.04687532474540279,0,MGRC
24-10-1994,0.024590647411322664,1,MGRC
25-10-1994,-0.00799984507388829,0,MGRC
26-10-1994,0.01612871738812216,0,MGRC
27-10-1994,0.0,1,MGRC
28-10-1994,-0.01587271091951792,1,MGRC
31-10-1994,-0.016129650176893495,0,MGRC
01-11-1994,0.0,0,MGRC
02-11-1994,0.0,0,MGRC
03-11-1994,0.01639408096787709,1,MGRC
04-11-1994,-0.016129650176893495,0,MGRC
07-11-1994,0.0,0,MGRC
08-11-1994,0.0,0,MGRC
09-11-1994,0.0,0,MGRC
10-11-1994,0.04918068534201114,1,MGRC
11-11-1994,-0.04687532474540279,0,MGRC
14-11-1994,0.04918068534201114,0,MGRC
15-11-1994,0.0,1,MGRC
16-11-1994,-0.003906368501816138,1,MGRC
17-11-1994,-0.04313746708626065,0,MGRC
18-11-1994,0.0,0,MGRC
21-11-1994,0.04918068534201114,1,MGRC
22-11-1994,-0.015625022187574,0,MGRC
23-11-1994,0.03174574969006594,0,MGRC
25-11-1994,0.0,1,MGRC
28-11-1994,-0.015384324020027318,0,MGRC
29-11-1994,0.031250108920818365,0,MGRC
30-11-1994,0.0,0,MGRC
01-12-1994,0.0,0,MGRC
02-12-1994,0.0,0,MGRC
05-12-1994,0.0,1,MGRC
06-12-1994,-0.04545466778902563,0,MGRC
07-12-1994,0.0,0,MGRC
08-12-1994,0.01190466433005044,0,MGRC
09-12-1994,0.019607662717071817,1,MGRC
12-12-1994,-0.015384324020027318,0,MGRC
13-12-1994,0.06249976602194596,0,MGRC
14-12-1994,0.0,0,MGRC
15-12-1994,0.0,1,MGRC
16-12-1994,-0.0073528621135908745,0,MGRC
19-12-1994,0.00740732716889414,0,MGRC
20-12-1994,0.0,0,MGRC
21-12-1994,0.014706088720457755,0,MGRC
22-12-1994,0.0,0,MGRC
23-12-1994,0.0,1,MGRC
27-12-1994,-0.02898602784158244,0,MGRC
28-12-1994,0.014925710859776897,0,MGRC
29-12-1994,0.0,0,MGRC
30-12-1994,0.0,1,MGRC
03-01-1995,-0.029411448454363498,0,MGRC
04-01-1995,0.007575235520475454,1,MGRC
05-01-1995,-0.022556277014460946,0,MGRC
06-01-1995,0.0,0,MGRC
09-01-1995,0.015385023099492079,1,MGRC
10-01-1995,-0.030303132722595216,0,MGRC
11-01-1995,0.0,0,MGRC
12-01-1995,0.031250108920818365,1,MGRC
13-01-1995,-0.031421736450777504,0,MGRC
16-01-1995,0.01574755829292518,1,MGRC
17-01-1995,-0.0077516450440521245,0,MGRC
18-01-1995,0.015624725506033998,0,MGRC
19-01-1995,0.0,0,MGRC
20-01-1995,0.0,1,MGRC
23-01-1995,-0.015384349271576614,0,MGRC
24-01-1995,0.0,1,MGRC
25-01-1995,-0.015625302544444275,0,MGRC
26-01-1995,0.0,0,MGRC
27-01-1995,0.03968286431419776,0,MGRC
30-01-1995,0.0,0,MGRC
31-01-1995,0.022900642846823915,1,MGRC
01-02-1995,-0.044776011539452765,0,MGRC
02-02-1995,0.007812202464569706,1,MGRC
03-02-1995,-0.0077516450440521245,0,MGRC
06-02-1995,0.0,0,MGRC
07-02-1995,0.0,0,MGRC
08-02-1995,0.015624725506033998,0,MGRC
09-02-1995,0.007692584974324346,0,MGRC
10-02-1995,0.007633484968520676,0,MGRC
13-02-1995,0.015151499137387558,1,MGRC
14-02-1995,-0.022387944525178338,0,MGRC
15-02-1995,0.0,1,MGRC
16-02-1995,-0.00763386085104556,0,MGRC
17-02-1995,0.030769392962214148,1,MGRC
21-02-1995,-0.044776011539452765,0,MGRC
22-02-1995,0.0,0,MGRC
23-02-1995,0.01953153200748714,1,MGRC
24-02-1995,-0.01915735942862795,0,MGRC
27-02-1995,0.003906101232284964,0,MGRC
28-02-1995,0.04280159319904664,1,MGRC
01-03-1995,-0.044776011539452765,0,MGRC
02-03-1995,0.007812202464569706,0,MGRC
03-03-1995,0.0,0,MGRC
06-03-1995,0.0,1,MGRC
07-03-1995,-0.0077516450440521245,0,MGRC
08-03-1995,0.0,0,MGRC
09-03-1995,0.023437505009014092,1,MGRC
10-03-1995,-0.02290076814099906,1,MGRC
13-03-1995,-0.09375053295908753,0,MGRC
14-03-1995,0.05172495763253271,0,MGRC
15-03-1995,0.0,0,MGRC
16-03-1995,0.03278637025528641,1,MGRC
17-03-1995,-0.04761829083441771,0,MGRC
20-03-1995,0.0,0,MGRC
21-03-1995,0.03333293667304882,0,MGRC
22-03-1995,0.0,0,MGRC
23-03-1995,0.0,0,MGRC
24-03-1995,0.03225795776837059,0,MGRC
27-03-1995,0.0,1,MGRC
28-03-1995,-0.06249954317792483,0,MGRC
29-03-1995,0.024999651212508356,1,MGRC
30-03-1995,-0.008130037362142128,0,MGRC
31-03-1995,0.0,0,MGRC
03-04-1995,0.016393353299096747,0,MGRC
04-04-1995,0.04838670500992048,1,MGRC
05-04-1995,-0.007692332458302031,0,MGRC
06-04-1995,0.007751963135948392,0,MGRC
07-04-1995,0.015384791174615442,0,MGRC
10-04-1995,0.045454621757152536,0,MGRC
11-04-1995,0.007246219950440613,1,MGRC
12-04-1995,-0.02158244710057755,0,MGRC
13-04-1995,0.03672981070306092,1,MGRC
17-04-1995,-0.04285729918178682,1,MGRC
18-04-1995,-0.014925450284175579,0,MGRC
19-04-1995,0.0,0,MGRC
20-04-1995,0.0,1,MGRC
21-04-1995,-0.0454547222372268,0,MGRC
24-04-1995,0.0,0,MGRC
25-04-1995,0.0,0,MGRC
26-04-1995,0.0,1,MGRC
27-04-1995,-0.01587245537070414,0,MGRC
28-04-1995,0.008064193906562878,0,MGRC
01-05-1995,0.016000278494730846,1,MGRC
02-05-1995,-0.007874535628576096,1,MGRC
03-05-1995,-0.01587245537070414,0,MGRC
04-05-1995,0.0,0,MGRC
05-05-1995,0.024193501749634194,0,MGRC
08-05-1995,0.023621810291737377,1,MGRC
09-05-1995,-0.046153581919306186,0,MGRC
10-05-1995,0.0,0,MGRC
11-05-1995,0.04838680634999415,0,MGRC
12-05-1995,0.0,1,MGRC
15-05-1995,-0.023076696934588692,0,MGRC
16-05-1995,0.00787382982379392,0,MGRC
17-05-1995,0.031249840842997312,1,MGRC
18-05-1995,-0.015151409456049425,0,MGRC
19-05-1995,0.0,0,MGRC
22-05-1995,0.0,0,MGRC
23-05-1995,0.007692315889364698,1,MGRC
24-05-1995,-0.00763359585864809,1,MGRC
25-05-1995,-0.015384569095353018,0,MGRC
26-05-1995,0.0,0,MGRC
30-05-1995,0.0,0,MGRC
31-05-1995,0.031249840842997312,0,MGRC
01-06-1995,0.0,1,MGRC
02-06-1995,-0.015151409456049425,0,MGRC
05-06-1995,0.0,0,MGRC
06-06-1995,0.0,0,MGRC
07-06-1995,0.0,0,MGRC
08-06-1995,0.04615395801956379,0,MGRC
09-06-1995,0.0,1,MGRC
12-06-1995,-0.007353127979419005,1,MGRC
13-06-1995,-0.007407355540993588,0,MGRC
14-06-1995,0.014925511096408162,0,MGRC
15-06-1995,0.0,0,MGRC
16-06-1995,0.02941179290255369,1,MGRC
19-06-1995,-0.04285729918178682,0,MGRC
20-06-1995,0.014925511096408162,1,MGRC
21-06-1995,-0.014706016287130641,0,MGRC
22-06-1995,0.022388874766937183,1,MGRC
23-06-1995,-0.0218985899783396,0,MGRC
26-06-1995,0.0,0,MGRC
27-06-1995,0.0,0,MGRC
28-06-1995,0.0,0,MGRC
29-06-1995,0.014925511096408162,0,MGRC
30-06-1995,0.02941179290255369,1,MGRC
03-07-1995,-0.04285729918178682,0,MGRC
05-07-1995,0.022388874766937183,1,MGRC
06-07-1995,-0.007299926529648837,0,MGRC
07-07-1995,0.0,1,MGRC
10-07-1995,-0.014706016287130641,0,MGRC
11-07-1995,0.029850900568351157,1,MGRC
12-07-1995,-0.014492767315837596,0,MGRC
13-07-1995,0.02562186419529966,1,MGRC
14-07-1995,-0.01082986429019106,0,MGRC
17-07-1995,0.007299074353628088,0,MGRC
18-07-1995,0.0,1,MGRC
19-07-1995,-0.007246183918427351,0,MGRC
20-07-1995,0.0,0,MGRC
21-07-1995,0.0,0,MGRC
24-07-1995,0.014597794343119919,1,MGRC
25-07-1995,-0.021582403811372775,0,MGRC
26-07-1995,0.0,0,MGRC
27-07-1995,0.022058478808482107,0,MGRC
28-07-1995,0.0,1,MGRC
31-07-1995,-0.014387764712785467,1,MGRC
01-08-1995,-0.007299664960521479,0,MGRC
02-08-1995,0.0,0,MGRC
03-08-1995,0.014706088835528597,0,MGRC
04-08-1995,0.014492719633202977,1,MGRC
07-08-1995,-0.028571593700332354,0,MGRC
08-08-1995,0.0,1,MGRC
09-08-1995,-0.0294117612061775,0,MGRC
10-08-1995,0.015151421347213034,0,MGRC
11-08-1995,0.0,0,MGRC
14-08-1995,0.04477638977450571,0,MGRC
15-08-1995,0.0,0,MGRC
16-08-1995,0.0,1,MGRC
17-08-1995,-0.04285739055049842,0,MGRC
18-08-1995,0.0,0,MGRC
21-08-1995,0.04477638977450571,1,MGRC
22-08-1995,-0.02142834850455133,1,MGRC
23-08-1995,-0.03649673016399502,0,MGRC
24-08-1995,0.02272722396761062,1,MGRC
25-08-1995,-0.0074074518042139825,0,MGRC
28-08-1995,0.01492546325816857,0,MGRC
29-08-1995,0.0,1,MGRC
30-08-1995,-0.0294117612061775,0,MGRC
31-08-1995,0.03030302658800843,0,MGRC
01-09-1995,0.0,0,MGRC
05-09-1995,0.029411939691125877,0,MGRC
06-09-1995,0.0,0,MGRC
07-09-1995,0.0,0,MGRC
08-09-1995,0.042856581418870165,0,MGRC
11-09-1995,0.020548185864950552,0,MGRC
12-09-1995,0.0,1,MGRC
13-09-1995,-0.020134459253910886,0,MGRC
14-09-1995,0.013699049203320879,0,MGRC
15-09-1995,0.0,1,MGRC
18-09-1995,-0.033783655232906384,0,MGRC
19-09-1995,0.0069936131789547495,0,MGRC
20-09-1995,0.006943918446773889,1,MGRC
21-09-1995,-0.020689884538600767,0,MGRC
22-09-1995,0.0,0,MGRC
25-09-1995,0.014085274280847049,1,MGRC
26-09-1995,-0.02777837089087809,0,MGRC
27-09-1995,0.007142204883687331,1,MGRC
28-09-1995,-0.0070915555410689946,0,MGRC
29-09-1995,0.0,0,MGRC
02-10-1995,0.04999971102441836,1,MGRC
03-10-1995,-0.020407296057491253,0,MGRC
04-10-1995,0.0,0,MGRC
05-10-1995,0.0,0,MGRC
06-10-1995,0.027777022338986823,1,MGRC
09-10-1995,-0.027026311870421704,0,MGRC
10-10-1995,0.027777022338986823,0,MGRC
11-10-1995,0.0,0,MGRC
12-10-1995,0.0,0,MGRC
13-10-1995,0.006528818319966989,1,MGRC
16-10-1995,-0.02702688316185997,1,MGRC
17-10-1995,-0.013888757079336012,0,MGRC
18-10-1995,0.02816862976428114,1,MGRC
19-10-1995,-0.013698393301382783,0,MGRC
20-10-1995,0.0,0,MGRC
23-10-1995,0.027777625809116913,1,MGRC
24-10-1995,-0.040540270426349334,1,MGRC
25-10-1995,-0.003521687294004927,0,MGRC
26-10-1995,0.0,1,MGRC
27-10-1995,-0.010600582250296697,0,MGRC
30-10-1995,0.05714302120070336,1,MGRC
31-10-1995,-0.05405420085524493,0,MGRC
01-11-1995,0.028571740281336133,0,MGRC
02-11-1995,0.0,0,MGRC
03-11-1995,0.01736108591222596,0,MGRC
06-11-1995,0.0,1,MGRC
07-11-1995,-0.017064822070188557,1,MGRC
08-11-1995,-0.013888757079336012,0,MGRC
09-11-1995,0.0,0,MGRC
10-11-1995,0.014084371493626069,1,MGRC
13-11-1995,-0.013888757079336012,0,MGRC
14-11-1995,0.021126727074895824,1,MGRC
15-11-1995,-0.020689623055323514,0,MGRC
16-11-1995,0.02816862976428114,1,MGRC
17-11-1995,-0.013698393301382783,0,MGRC
20-11-1995,0.0,0,MGRC
21-11-1995,0.013888645428891122,0,MGRC
22-11-1995,0.0,0,MGRC
24-11-1995,0.0,1,MGRC
27-11-1995,-0.013698393301382783,0,MGRC
28-11-1995,0.0,0,MGRC
29-11-1995,0.0,0,MGRC
30-11-1995,0.0,0,MGRC
01-12-1995,0.0,0,MGRC
04-12-1995,0.02083330309467124,1,MGRC
05-12-1995,-0.02040813424828003,0,MGRC
06-12-1995,0.02083330309467124,1,MGRC
07-12-1995,-0.02040813424828003,0,MGRC
08-12-1995,0.013888645428891122,0,MGRC
11-12-1995,0.0,1,MGRC
12-12-1995,-0.013698393301382783,0,MGRC
13-12-1995,0.0,0,MGRC
14-12-1995,0.04166682949023204,1,MGRC
15-12-1995,-0.006667299054687104,1,MGRC
18-12-1995,-0.006711079166779488,0,MGRC
19-12-1995,0.0033780480756988585,0,MGRC
20-12-1995,0.010101649861439688,1,MGRC
21-12-1995,-0.01333363344968197,0,MGRC
22-12-1995,0.027026774528978725,0,MGRC
26-12-1995,0.026315867412529448,1,MGRC
27-12-1995,-0.025641099634243325,0,MGRC
28-12-1995,0.0,0,MGRC
29-12-1995,0.0,1,MGRC
02-01-1996,-0.02631555009008779,0,MGRC
03-01-1996,0.0,0,MGRC
04-01-1996,0.0,0,MGRC
05-01-1996,0.05405387495660108,1,MGRC
08-01-1996,-0.05128189008254136,0,MGRC
09-01-1996,0.0,0,MGRC
10-01-1996,0.0,0,MGRC
11-01-1996,0.0033780480756988585,1,MGRC
12-01-1996,-0.023993624364092914,1,MGRC
15-01-1996,-0.013888277240186375,0,MGRC
16-01-1996,0.022007071861638083,0,MGRC
17-01-1996,0.006028795525397035,1,MGRC
18-01-1996,-0.027396815143625797,0,MGRC
19-01-1996,0.02816854352340159,0,MGRC
22-01-1996,0.0,1,MGRC
23-01-1996,-0.027396815143625797,0,MGRC
24-01-1996,0.056337986975112386,0,MGRC
25-01-1996,0.0,1,MGRC
26-01-1996,-0.01333390980743221,0,MGRC
29-01-1996,0.0,1,MGRC
30-01-1996,-0.013513350159003457,0,MGRC
31-01-1996,0.0,1,MGRC
01-02-1996,-0.01369879050381162,0,MGRC
02-02-1996,0.0,0,MGRC
05-02-1996,0.05555621496523999,0,MGRC
06-02-1996,0.0,0,MGRC
07-02-1996,0.0,1,MGRC
08-02-1996,-0.05263217077175697,0,MGRC
09-02-1996,0.0,0,MGRC
12-02-1996,0.027777774696424062,1,MGRC
13-02-1996,-0.027027024109982256,0,MGRC
14-02-1996,0.0,0,MGRC
15-02-1996,0.0,0,MGRC
16-02-1996,0.020833747005062797,1,MGRC
20-02-1996,-0.02040856022460591,0,MGRC
21-02-1996,0.0,0,MGRC
22-02-1996,0.0,0,MGRC
23-02-1996,0.0,0,MGRC
26-02-1996,0.04166727215266164,0,MGRC
27-02-1996,0.0,1,MGRC
28-02-1996,-0.04000055801556868,0,MGRC
29-02-1996,0.027777774696424062,1,MGRC
01-03-1996,-0.013513350159003457,1,MGRC
04-03-1996,-0.01369879050381162,0,MGRC
05-03-1996,0.06944493592035417,0,MGRC
06-03-1996,0.0,1,MGRC
07-03-1996,-0.006493424994883701,1,MGRC
08-03-1996,-0.006535865144979391,1,MGRC
11-03-1996,-0.026316400656814398,0,MGRC
12-03-1996,0.02027056489179735,1,MGRC
13-03-1996,-0.003310688363156733,0,MGRC
14-03-1996,0.023255406680922297,1,MGRC
15-03-1996,-0.012986849989767513,0,MGRC
18-03-1996,0.026315559934318555,1,MGRC
19-03-1996,-0.01282045505882945,0,MGRC
20-03-1996,0.0,0,MGRC
21-03-1996,0.0,1,MGRC
22-03-1996,-0.012986849989767513,1,MGRC
25-03-1996,-0.0131579376026274,0,MGRC
26-03-1996,0.013333377349828757,0,MGRC
27-03-1996,0.009868085385878578,0,MGRC
28-03-1996,0.01628675545495173,1,MGRC
29-03-1996,-0.01282045505882945,0,MGRC
01-04-1996,0.025974218607134336,0,MGRC
02-04-1996,0.01265796550119802,1,MGRC
03-04-1996,-0.02499998752052246,0,MGRC
04-04-1996,0.03205139363635223,1,MGRC
08-04-1996,-0.0062113002923191996,0,MGRC
09-04-1996,0.025000087356342515,0,MGRC
10-04-1996,0.024390521851039626,1,MGRC
11-04-1996,-0.01190508450338501,0,MGRC
12-04-1996,0.0,0,MGRC
15-04-1996,0.012048523190104188,0,MGRC
16-04-1996,0.0,0,MGRC
17-04-1996,0.0,0,MGRC
18-04-1996,0.006711341753958822,0,MGRC
19-04-1996,0.0,0,MGRC
22-04-1996,0.0,1,MGRC
23-04-1996,-0.029761832801655008,0,MGRC
24-04-1996,0.0,0,MGRC
25-04-1996,0.02453930995249376,0,MGRC
26-04-1996,0.005988506415496753,0,MGRC
29-04-1996,0.0,1,MGRC
30-04-1996,-0.029761832801655008,0,MGRC
01-05-1996,0.02453930995249376,0,MGRC
02-05-1996,0.005988506415496753,0,MGRC
03-05-1996,0.0,1,MGRC
06-05-1996,-0.011905148691104261,1,MGRC
07-05-1996,-0.018071831957121032,1,MGRC
08-05-1996,-0.006135460230579093,0,MGRC
09-05-1996,0.030864135861200515,0,MGRC
10-05-1996,0.005988506415496753,0,MGRC
13-05-1996,0.0,1,MGRC
14-05-1996,-0.029761832801655008,0,MGRC
15-05-1996,0.0,0,MGRC
16-05-1996,0.012269947011226412,0,MGRC
17-05-1996,0.018181734255953597,1,MGRC
20-05-1996,-0.01785706190186187,1,MGRC
21-05-1996,-0.012121220280671197,0,MGRC
22-05-1996,0.006135070850606272,0,MGRC
23-05-1996,0.01219454852209334,0,MGRC
24-05-1996,0.0,0,MGRC
28-05-1996,0.0,0,MGRC
29-05-1996,0.012048588933880167,1,MGRC
30-05-1996,-0.029761832801655008,0,MGRC
31-05-1996,0.03067477018307274,0,MGRC
03-06-1996,0.0,1,MGRC
04-06-1996,-0.047619272494828,0,MGRC
05-06-1996,0.021874972108369306,1,MGRC
06-06-1996,-0.003057767426062008,0,MGRC
07-06-1996,0.01840443379187362,1,MGRC
10-06-1996,-0.006023625366404217,1,MGRC
11-06-1996,-0.024243017551660806,0,MGRC
12-06-1996,0.08695702736557442,1,MGRC
13-06-1996,-0.028571451886550858,0,MGRC
14-06-1996,0.0,0,MGRC
17-06-1996,0.01764735365764536,0,MGRC
18-06-1996,0.005779983129372113,1,MGRC
19-06-1996,-0.00574676691356335,1,MGRC
20-06-1996,-0.06936484204812765,1,MGRC
21-06-1996,-0.006210892419104108,0,MGRC
24-06-1996,0.025000421473530876,0,MGRC
25-06-1996,0.014481364999943125,0,MGRC
26-06-1996,0.009767256354095588,0,MGRC
27-06-1996,0.011904676451965246,0,MGRC
28-06-1996,0.058823392151934106,1,MGRC
01-07-1996,-0.02222259637562307,1,MGRC
02-07-1996,-0.011363200956939101,1,MGRC
03-07-1996,-0.02298843551955898,0,MGRC
05-07-1996,0.0,0,MGRC
08-07-1996,0.0,1,MGRC
09-07-1996,-0.07058857460041867,0,MGRC
10-07-1996,0.012658443953787346,1,MGRC
11-07-1996,-0.15659625910010944,0,MGRC
12-07-1996,0.17910520241680827,1,MGRC
15-07-1996,-0.03797473908596716,0,MGRC
16-07-1996,0.03289409579331237,0,MGRC
17-07-1996,0.044586049265632255,1,MGRC
18-07-1996,-0.06707334237647833,1,MGRC
19-07-1996,-0.0065352073223980955,0,MGRC
22-07-1996,0.006578197204939906,0,MGRC
23-07-1996,0.006536546082170913,0,MGRC
24-07-1996,0.025974239900683038,0,MGRC
25-07-1996,0.0379740410282432,0,MGRC
26-07-1996,0.04878090959407566,0,MGRC
29-07-1996,0.011627865434669094,0,MGRC
30-07-1996,0.011493759517651192,0,MGRC
31-07-1996,0.04545485471824828,1,MGRC
01-08-1996,-0.07608661678869277,0,MGRC
02-08-1996,0.04117585451687433,0,MGRC
05-08-1996,0.08474603278316106,0,MGRC
06-08-1996,0.0833332991402631,1,MGRC
07-08-1996,-0.03846186477269453,1,MGRC
08-08-1996,-0.009999654939820135,0,MGRC
09-08-1996,0.01010065803483351,0,MGRC
12-08-1996,0.0,1,MGRC
13-08-1996,-0.009999654939820135,0,MGRC
14-08-1996,0.02525244085309941,1,MGRC
15-08-1996,-0.054187093090159566,0,MGRC
16-08-1996,0.020833345300907746,1,MGRC
19-08-1996,-0.010204127568998578,1,MGRC
20-08-1996,-0.020618406825701596,0,MGRC
21-08-1996,0.052631063925912214,1,MGRC
22-08-1996,-0.0024996380019345343,0,MGRC
23-08-1996,0.0025059018494264507,0,MGRC
26-08-1996,0.0,1,MGRC
27-08-1996,-0.01999962500309227,0,MGRC
28-08-1996,0.025510198339589563,1,MGRC
29-08-1996,-0.029850802427860645,0,MGRC
30-08-1996,0.03589715537342686,1,MGRC
03-09-1996,-0.009901037980720173,0,MGRC
04-09-1996,0.0,1,MGRC
05-09-1996,-0.014999955094908146,0,MGRC
06-09-1996,0.03553344679376691,0,MGRC
09-09-1996,0.02941166248162852,0,MGRC
10-09-1996,0.009524302573919785,1,MGRC
11-09-1996,-0.009434446055074042,0,MGRC
12-09-1996,0.0,0,MGRC
13-09-1996,0.014285816111280658,1,MGRC
16-09-1996,-0.02347431870860406,0,MGRC
17-09-1996,0.0,0,MGRC
18-09-1996,0.007211552300627755,1,MGRC
19-09-1996,-0.03579981650646147,0,MGRC
20-09-1996,0.0247524779505246,0,MGRC
23-09-1996,0.019323993247224447,1,MGRC
24-09-1996,-0.03317524397042859,1,MGRC
25-09-1996,-0.00980435091049392,0,MGRC
26-09-1996,0.04950581391040654,1,MGRC
27-09-1996,-0.018868446181123266,0,MGRC
30-09-1996,0.0,0,MGRC
01-10-1996,0.0,0,MGRC
02-10-1996,0.009615428317771624,1,MGRC
03-10-1996,-0.009523852397732124,1,MGRC
04-10-1996,-0.03605791300474659,1,MGRC
07-10-1996,-0.0024938757217681795,0,MGRC
08-10-1996,0.0,0,MGRC
09-10-1996,0.05000040178240117,0,MGRC
10-10-1996,0.0,0,MGRC
11-10-1996,0.0,1,MGRC
14-10-1996,-0.01904830503038124,1,MGRC
15-10-1996,-0.028699189099906985,0,MGRC
16-10-1996,0.020100610937051178,0,MGRC
17-10-1996,0.0,0,MGRC
18-10-1996,0.0,0,MGRC
21-10-1996,0.0,0,MGRC
22-10-1996,0.014777747114369522,0,MGRC
23-10-1996,0.0,0,MGRC
24-10-1996,0.0,0,MGRC
25-10-1996,0.0,0,MGRC
28-10-1996,0.0,1,MGRC
29-10-1996,-0.029126079915044567,1,MGRC
30-10-1996,-0.04999958081387457,0,MGRC
31-10-1996,0.0,0,MGRC
01-11-1996,0.047368299942654124,0,MGRC
04-11-1996,0.025125803044440564,1,MGRC
05-11-1996,-0.0147059975772178,0,MGRC
06-11-1996,0.0,1,MGRC
07-11-1996,-0.024875481867980054,0,MGRC
08-11-1996,0.09183665229484506,1,MGRC
11-11-1996,-0.023364426099705016,0,MGRC
12-11-1996,0.0,1,MGRC
13-11-1996,-0.014354704123313855,0,MGRC
14-11-1996,0.00970925115493948,0,MGRC
15-11-1996,0.0,0,MGRC
18-11-1996,0.004807831032795473,0,MGRC
19-11-1996,0.0,1,MGRC
20-11-1996,-0.004784826395962338,0,MGRC
21-11-1996,0.004807831032795473,1,MGRC
22-11-1996,-0.004784826395962338,1,MGRC
25-11-1996,-0.028846383485097382,0,MGRC
26-11-1996,0.009901355708335391,0,MGRC
27-11-1996,0.0,1,MGRC
29-11-1996,-0.0147059975772178,0,MGRC
02-12-1996,0.01492549182381775,0,MGRC
03-12-1996,0.004902024797800442,1,MGRC
04-12-1996,-0.014634565837314928,0,MGRC
05-12-1996,0.02475257471476766,1,MGRC
06-12-1996,-0.024154684092067225,0,MGRC
09-12-1996,0.004950794219320542,0,MGRC
10-12-1996,0.02463047912754668,1,MGRC
11-12-1996,-0.028846383485097382,0,MGRC
12-12-1996,0.019801702918678554,1,MGRC
13-12-1996,-0.029126079915044567,1,MGRC
16-12-1996,-0.017499649568234354,0,MGRC
17-12-1996,0.007633648662680015,0,MGRC
18-12-1996,0.0,1,MGRC
19-12-1996,-0.010100905375172387,0,MGRC
20-12-1996,0.04081629879232418,0,MGRC
23-12-1996,0.01715674111947285,0,MGRC
24-12-1996,0.0,1,MGRC
26-12-1996,-0.03614494135757762,0,MGRC
27-12-1996,0.005000381185140013,0,MGRC
30-12-1996,0.01990068175265791,0,MGRC
31-12-1996,0.004877347756309103,0,MGRC
02-01-1997,0.00970925115493948,1,MGRC
03-01-1997,-0.009615888082469048,1,MGRC
06-01-1997,-0.0048536746969163325,1,MGRC
07-01-1997,-0.01951237224242197,1,MGRC
08-01-1997,-0.004975501779654445,0,MGRC
09-01-1997,0.005000381185140013,1,MGRC
10-01-1997,-0.004975501779654445,1,MGRC
13-01-1997,-0.009999587082078265,0,MGRC
14-01-1997,0.015151476778688888,0,MGRC
15-01-1997,0.0006002348548483916,0,MGRC
16-01-1997,0.04000040516286574,1,MGRC
17-01-1997,-0.019230919069048724,0,MGRC
20-01-1997,0.01715662665327833,1,MGRC
21-01-1997,-0.02650591226117449,0,MGRC
22-01-1997,0.029703248322686004,0,MGRC
23-01-1997,0.019230844149908943,1,MGRC
24-01-1997,-0.009433924817919381,1,MGRC
27-01-1997,-0.019047839544306333,0,MGRC
28-01-1997,0.009708852435504012,0,MGRC
29-01-1997,0.0,0,MGRC
30-01-1997,0.0,0,MGRC
31-01-1997,0.03365390234320098,0,MGRC
03-02-1997,0.004650528338665527,0,MGRC
04-02-1997,0.018519250650562036,1,MGRC
05-02-1997,-0.018182523932398165,0,MGRC
06-02-1997,0.0,1,MGRC
07-02-1997,-0.018517879906991497,1,MGRC
10-02-1997,-0.007075645753745197,0,MGRC
11-02-1997,0.054631603197832,1,MGRC
12-02-1997,-0.05405364996121054,0,MGRC
13-02-1997,0.019047171693763243,0,MGRC
14-02-1997,0.0,0,MGRC
18-02-1997,0.009345542589794364,0,MGRC
19-02-1997,0.018519250650562036,1,MGRC
20-02-1997,-0.027273183821232005,1,MGRC
21-02-1997,-0.009345396952540441,0,MGRC
24-02-1997,0.04716940357289978,1,MGRC
25-02-1997,-0.027027281245060042,0,MGRC
26-02-1997,0.009259084242292603,1,MGRC
27-02-1997,-0.00917414010619877,1,MGRC
28-02-1997,-0.004629001038157887,0,MGRC
03-03-1997,0.03255775724550847,0,MGRC
04-03-1997,0.0,1,MGRC
05-03-1997,-0.018018444876655604,0,MGRC
06-03-1997,0.04128473845719682,0,MGRC
07-03-1997,0.004405511341025292,0,MGRC
10-03-1997,0.03070126516319016,0,MGRC
11-03-1997,0.021276759406992474,1,MGRC
12-03-1997,-0.020833490247390896,1,MGRC
13-03-1997,-0.029786773530669164,0,MGRC
14-03-1997,0.008772102491423128,0,MGRC
17-03-1997,0.026086788023064633,1,MGRC
18-03-1997,-0.03389831179970593,0,MGRC
19-03-1997,0.052631248002550146,1,MGRC
20-03-1997,-0.0249996558712392,0,MGRC
21-03-1997,0.0,0,MGRC
24-03-1997,0.02564066363851225,1,MGRC
25-03-1997,-0.004166620133532306,1,MGRC
26-03-1997,-0.004183466680437231,1,MGRC
27-03-1997,-0.008403720084471322,0,MGRC
31-03-1997,0.012711586295514055,0,MGRC
01-04-1997,0.012552616896570834,0,MGRC
02-04-1997,0.041322352898449655,0,MGRC
03-04-1997,0.015873017836127712,1,MGRC
04-04-1997,-0.015625001902243918,0,MGRC
07-04-1997,0.04761979556471685,1,MGRC
08-04-1997,-0.12121269896286913,0,MGRC
09-04-1997,0.030171996014198177,1,MGRC
10-04-1997,-0.05439289104071643,0,MGRC
11-04-1997,0.1182542147851986,1,MGRC
14-04-1997,-0.028340344339447543,1,MGRC
15-04-1997,-0.0499996351109564,0,MGRC
16-04-1997,0.0,0,MGRC
17-04-1997,0.09649105462745933,1,MGRC
18-04-1997,-0.00799984842956769,1,MGRC
21-04-1997,-0.028226249954324878,0,MGRC
22-04-1997,0.012448279886978275,0,MGRC
23-04-1997,0.016393758809222003,0,MGRC
24-04-1997,0.0,0,MGRC
25-04-1997,0.0322577554757133,1,MGRC
28-04-1997,-0.015624765747201952,1,MGRC
29-04-1997,-0.007936598592142019,1,MGRC
30-04-1997,-0.07199991519853621,0,MGRC
01-05-1997,0.1034480132733353,0,MGRC
02-05-1997,0.06250025284428995,1,MGRC
05-05-1997,-0.029411428746767276,0,MGRC
06-05-1997,0.01515122145733061,0,MGRC
07-05-1997,0.022387859528047338,0,MGRC
08-05-1997,0.05109537007927245,0,MGRC
09-05-1997,0.0,0,MGRC
12-05-1997,0.013888197010344383,0,MGRC
13-05-1997,0.0,0,MGRC
14-05-1997,0.027397583225218458,1,MGRC
15-05-1997,-0.1066665705475146,0,MGRC
16-05-1997,0.05223826312690805,0,MGRC
19-05-1997,0.021277388622751303,1,MGRC
20-05-1997,-0.013889148894201786,1,MGRC
21-05-1997,-0.014084988932403286,0,MGRC
22-05-1997,0.0,0,MGRC
23-05-1997,0.01428621004274122,0,MGRC
27-05-1997,0.07042215604378299,1,MGRC
28-05-1997,-0.03947374617530319,0,MGRC
29-05-1997,0.027397583225218458,0,MGRC
30-05-1997,0.0,1,MGRC
02-06-1997,-0.03999964666058209,0,MGRC
03-06-1997,0.006944204270045162,0,MGRC
04-06-1997,0.0,1,MGRC
05-06-1997,-0.02068967980142411,0,MGRC
06-06-1997,0.07042215604378299,1,MGRC
09-06-1997,-0.006578723899704264,0,MGRC
10-06-1997,0.006622290117974217,1,MGRC
11-06-1997,-0.026315296392267817,0,MGRC
12-06-1997,0.006756420920413175,0,MGRC
13-06-1997,0.020134051882880755,0,MGRC
16-06-1997,0.0,0,MGRC
17-06-1997,0.006579124693155025,0,MGRC
18-06-1997,0.04575186365254402,0,MGRC
19-06-1997,0.03749937770578993,1,MGRC
20-06-1997,-0.02409593896194573,1,MGRC
23-06-1997,-0.012345538572792303,0,MGRC
24-06-1997,0.0,1,MGRC
25-06-1997,-0.018750497954353573,1,MGRC
26-06-1997,-0.03184702562875796,0,MGRC
27-06-1997,0.013157948791221896,0,MGRC
30-06-1997,0.06493473485000578,1,MGRC
01-07-1997,-0.01829234486903042,0,MGRC
02-07-1997,0.018633189599188915,1,MGRC
03-07-1997,-0.01829234486903042,1,MGRC
07-07-1997,-0.0062108740053222755,0,MGRC
08-07-1997,0.0,1,MGRC
09-07-1997,-0.024999997620289816,0,MGRC
10-07-1997,0.03846138826286927,0,MGRC
11-07-1997,0.0,1,MGRC
14-07-1997,-0.06420428403359735,0,MGRC
15-07-1997,0.03311244772133848,0,MGRC
16-07-1997,0.03846202841901469,1,MGRC
17-07-1997,-0.037037491373247855,0,MGRC
18-07-1997,0.0,0,MGRC
21-07-1997,0.025641255035874666,1,MGRC
22-07-1997,-0.025000218068429447,0,MGRC
23-07-1997,0.0,0,MGRC
24-07-1997,0.0,0,MGRC
25-07-1997,0.0,0,MGRC
28-07-1997,0.0,0,MGRC
29-07-1997,0.01923086834430454,0,MGRC
30-07-1997,0.0,0,MGRC
31-07-1997,0.03144622285158016,1,MGRC
01-08-1997,-0.012194447378746975,0,MGRC
04-08-1997,0.0,0,MGRC
05-08-1997,0.018518230656644485,1,MGRC
06-08-1997,-0.018181540692409293,0,MGRC
07-08-1997,0.012344987681419228,0,MGRC
08-08-1997,0.0,1,MGRC
11-08-1997,-0.024389819756536535,0,MGRC
12-08-1997,0.018750092442051614,1,MGRC
13-08-1997,-0.006134812880668639,0,MGRC
14-08-1997,0.00925855347743565,1,MGRC
15-08-1997,-0.015290138248198026,0,MGRC
18-08-1997,0.012422516507245351,0,MGRC
19-08-1997,0.0,0,MGRC
20-08-1997,0.003066941103637255,1,MGRC
21-08-1997,-0.003057563735739066,1,MGRC
22-08-1997,-0.006134812880668639,0,MGRC
25-08-1997,0.03086359290532159,0,MGRC
26-08-1997,0.017964529854980427,0,MGRC
27-08-1997,0.041176312064610476,0,MGRC
28-08-1997,0.011299319785028628,0,MGRC
29-08-1997,0.027933018181941494,0,MGRC
02-09-1997,0.027173472587146863,0,MGRC
03-09-1997,0.01587342356558552,1,MGRC
04-09-1997,-0.01041711439175963,0,MGRC
05-09-1997,0.015789720354073777,1,MGRC
08-09-1997,-0.02072557634734007,0,MGRC
09-09-1997,0.02116421694139059,1,MGRC
10-09-1997,-0.005181138633756799,0,MGRC
11-09-1997,0.026041324288654355,1,MGRC
12-09-1997,-0.01522781543750007,0,MGRC
15-09-1997,0.0,0,MGRC
16-09-1997,0.0,1,MGRC
17-09-1997,-0.010309562112408077,1,MGRC
18-09-1997,-0.020833280659792952,1,MGRC
19-09-1997,-0.02127662149724785,0,MGRC
22-09-1997,0.01630434737801334,0,MGRC
23-09-1997,0.016042293577549938,0,MGRC
24-09-1997,0.010526772990174349,1,MGRC
25-09-1997,-0.031249841979378967,1,MGRC
26-09-1997,-0.021505644699561066,1,MGRC
29-09-1997,-0.010988901074884816,0,MGRC
30-09-1997,0.016667003777324885,0,MGRC
01-10-1997,0.035518547449234994,0,MGRC
02-10-1997,0.018469674523410307,0,MGRC
03-10-1997,0.0,1,MGRC
06-10-1997,-0.025906479178255393,0,MGRC
07-10-1997,0.026595474278897413,0,MGRC
08-10-1997,0.0,1,MGRC
09-10-1997,-0.02072557634734007,0,MGRC
10-10-1997,0.01587342356558552,0,MGRC
13-10-1997,0.0,1,MGRC
14-10-1997,-0.005208517690724612,1,MGRC
15-10-1997,-0.0018914823646174472,1,MGRC
16-10-1997,-0.010525717724242378,0,MGRC
17-10-1997,0.021276580344915974,0,MGRC
20-10-1997,0.0,0,MGRC
21-10-1997,0.005207916227955467,0,MGRC
22-10-1997,0.0,1,MGRC
23-10-1997,-0.0025900754900113343,0,MGRC
24-10-1997,0.018181536862201808,1,MGRC
27-10-1997,-0.06122468342932841,0,MGRC
28-10-1997,0.05434776267369057,1,MGRC
29-10-1997,-0.002576646504939051,1,MGRC
30-10-1997,-0.01808874506821001,0,MGRC
31-10-1997,0.026316164311486867,0,MGRC
03-11-1997,0.005128338327822002,0,MGRC
04-11-1997,0.08163252554653977,0,MGRC
05-11-1997,0.02830212227227702,1,MGRC
06-11-1997,-0.009174547984322934,1,MGRC
07-11-1997,-0.009259079732309883,1,MGRC
10-11-1997,-0.028037611635300386,0,MGRC
11-11-1997,0.038461594375559516,1,MGRC
12-11-1997,-0.13888885583519062,0,MGRC
13-11-1997,0.026882092334274077,0,MGRC
14-11-1997,0.005235419326699464,0,MGRC
17-11-1997,0.005207916227955467,0,MGRC
18-11-1997,0.005181404381342736,0,MGRC
19-11-1997,0.0,1,MGRC
20-11-1997,-0.010308924033038624,0,MGRC
21-11-1997,0.005207916227955467,1,MGRC
24-11-1997,-0.01813428863403932,1,MGRC
25-11-1997,-0.09234870640739068,0,MGRC
26-11-1997,0.029070177310756007,1,MGRC
28-11-1997,-0.01412453001445546,0,MGRC
01-12-1997,0.0028654474363420945,0,MGRC
02-12-1997,0.0,1,MGRC
03-12-1997,-0.057142610299596774,1,MGRC
04-12-1997,-0.018182009774298624,0,MGRC
05-12-1997,0.018518717272759444,0,MGRC
08-12-1997,0.024242038280760658,0,MGRC
09-12-1997,0.005917134883228314,1,MGRC
10-12-1997,-0.011764478833498737,1,MGRC
11-12-1997,-0.02380977879516044,0,MGRC
12-12-1997,0.03658539845742248,1,MGRC
15-12-1997,-0.008823536997498271,0,MGRC
16-12-1997,0.02077138182319027,1,MGRC
17-12-1997,-0.02325545621255698,1,MGRC
18-12-1997,-0.011904799402649657,0,MGRC
19-12-1997,0.01656594216798024,0,MGRC
22-12-1997,0.031111679342415766,1,MGRC
23-12-1997,-0.011494808181056415,0,MGRC
24-12-1997,0.0,1,MGRC
26-12-1997,-0.005813314665280345,0,MGRC
29-12-1997,0.03508746645937233,0,MGRC
30-12-1997,0.03954776151619943,0,MGRC
31-12-1997,0.06521761101791745,1,MGRC
02-01-1998,-0.020408073532750315,1,MGRC
05-01-1998,-0.04166695211931459,1,MGRC
06-01-1998,-0.005434842002810969,1,MGRC
07-01-1998,-0.03825087763375845,0,MGRC
08-01-1998,0.011363325936978974,1,MGRC
09-01-1998,-0.09410107695061021,1,MGRC
12-01-1998,-0.0015504511225815643,0,MGRC
13-01-1998,0.013975071433286912,1,MGRC
14-01-1998,-0.0037514017050512827,0,MGRC
15-01-1998,0.0185191899123347,1,MGRC
16-01-1998,-0.006061186882031944,0,MGRC
20-01-1998,0.006098148902162315,0,MGRC
21-01-1998,0.0,1,MGRC
22-01-1998,-0.01212146104468037,1,MGRC
23-01-1998,-0.006135374035521335,0,MGRC
26-01-1998,0.02469141655646001,0,MGRC
27-01-1998,0.0,0,MGRC
28-01-1998,0.018072308284793115,1,MGRC
29-01-1998,-0.029585799871144514,0,MGRC
30-01-1998,0.03048780599790879,1,MGRC
02-02-1998,-0.06508826069095441,0,MGRC
03-02-1998,0.0,0,MGRC
04-02-1998,0.025315833128245924,1,MGRC
05-02-1998,-0.003086345727614348,0,MGRC
06-02-1998,0.009288261743115145,0,MGRC
09-02-1998,0.006134634900619718,0,MGRC
10-02-1998,0.060975795652874254,1,MGRC
11-02-1998,-0.02873580130657405,0,MGRC
12-02-1998,0.03550335193688747,1,MGRC
13-02-1998,-0.008571735424022342,1,MGRC
17-02-1998,-0.008645671721751125,0,MGRC
18-02-1998,0.02325578137397577,0,MGRC
19-02-1998,0.0,0,MGRC
20-02-1998,0.0,1,MGRC
23-02-1998,-0.0056813397817001565,0,MGRC
24-02-1998,0.007141994119937101,0,MGRC
25-02-1998,0.0078021743655365405,0,MGRC
26-02-1998,0.021815855018916697,1,MGRC
27-02-1998,-0.03581278829488743,0,MGRC
02-03-1998,0.051428433246553995,1,MGRC
03-03-1998,-0.02173917491692723,1,MGRC
04-03-1998,-0.022222519701245558,1,MGRC
05-03-1998,-0.05681810402954479,0,MGRC
06-03-1998,0.01204881033760885,1,MGRC
09-03-1998,-0.07142878272776376,0,MGRC
10-03-1998,0.025640882072215376,0,MGRC
11-03-1998,0.024999769395660287,0,MGRC
12-03-1998,0.07926858944585335,1,MGRC
13-03-1998,-0.05649716168162133,1,MGRC
16-03-1998,-0.00598832904833313,0,MGRC
17-03-1998,0.01204881033760885,1,MGRC
18-03-1998,-0.06547663815301452,0,MGRC
19-03-1998,0.0222928384433958,0,MGRC
20-03-1998,0.021806892751891294,1,MGRC
23-03-1998,-0.027439190689468762,0,MGRC
24-03-1998,0.04075251063326757,1,MGRC
25-03-1998,-0.024096441287111636,1,MGRC
26-03-1998,-0.006172598493007997,1,MGRC
27-03-1998,-0.0062111231870738415,0,MGRC
30-03-1998,0.0,1,MGRC
31-03-1998,-0.006250601218456886,1,MGRC
01-04-1998,-0.044024304190720676,0,MGRC
02-04-1998,0.04276299884831625,1,MGRC
03-04-1998,-0.00946396637914182,0,MGRC
06-04-1998,0.0,0,MGRC
07-04-1998,0.019108393895781006,1,MGRC
08-04-1998,-0.04062514295115949,0,MGRC
09-04-1998,0.029316430689342088,1,MGRC
13-04-1998,-0.029898799575807322,0,MGRC
14-04-1998,0.00983623534257383,0,MGRC
15-04-1998,0.03896102379798494,1,MGRC
16-04-1998,-0.043749749492523304,0,MGRC
17-04-1998,0.04575136003290514,1,MGRC
20-04-1998,-0.028124919228897705,1,MGRC
21-04-1998,-0.009646370103980617,0,MGRC
22-04-1998,0.0,0,MGRC
23-04-1998,0.0,0,MGRC
24-04-1998,0.01948075513965075,1,MGRC
27-04-1998,-0.03184706628334044,0,MGRC
28-04-1998,0.0263152784326266,1,MGRC
29-04-1998,-0.0064100150566246406,0,MGRC
30-04-1998,0.019354878624429972,0,MGRC
01-05-1998,0.012658127012950215,0,MGRC
04-05-1998,0.0,0,MGRC
05-05-1998,0.01249990166996251,1,MGRC
06-05-1998,-0.018518652117380574,1,MGRC
07-05-1998,-0.0062889774587804315,0,MGRC
08-05-1998,0.012658127012950215,1,MGRC
11-05-1998,-0.006250231777945703,0,MGRC
12-05-1998,0.018868063216210373,0,MGRC
13-05-1998,0.00617325400520663,1,MGRC
14-05-1998,-0.006135378753741594,1,MGRC
15-05-1998,-0.012345583095213941,0,MGRC
18-05-1998,0.04375059232141676,1,MGRC
19-05-1998,-0.02395234241026456,0,MGRC
20-05-1998,0.0,0,MGRC
21-05-1998,0.0,0,MGRC
22-05-1998,0.030674779515571293,1,MGRC
26-05-1998,-0.023809954885922524,0,MGRC
27-05-1998,0.024390696263594913,1,MGRC
28-05-1998,-0.011905022037071444,0,MGRC
29-05-1998,0.0,1,MGRC
01-06-1998,-0.024096467104940733,0,MGRC
02-06-1998,0.009259788516289946,1,MGRC
03-06-1998,-0.015290713813164047,0,MGRC
04-06-1998,0.018633110303836187,0,MGRC
05-06-1998,0.006097879633961023,1,MGRC
08-06-1998,-0.006060920868036668,0,MGRC
09-06-1998,0.0,1,MGRC
10-06-1998,-0.030487844988890234,0,MGRC
11-06-1998,0.015723574486820047,1,MGRC
12-06-1998,-0.009287991186845868,0,MGRC
15-06-1998,0.024999803339924798,1,MGRC
16-06-1998,-0.024390056718512465,0,MGRC
17-06-1998,0.06250007023574122,1,MGRC
18-06-1998,-0.017646566282263243,0,MGRC
19-06-1998,0.01796356146023692,0,MGRC
22-06-1998,0.02352931325645269,0,MGRC
23-06-1998,0.0,0,MGRC
24-06-1998,0.05747124457177266,0,MGRC
25-06-1998,0.0,1,MGRC
26-06-1998,-0.021739367651916086,1,MGRC
29-06-1998,-0.02777698466284051,1,MGRC
30-06-1998,-0.03428628280695034,0,MGRC
01-07-1998,0.0029588671102234176,0,MGRC
02-07-1998,0.02654841362786442,0,MGRC
06-07-1998,0.08189636205329753,0,MGRC
07-07-1998,0.030545110350737925,1,MGRC
08-07-1998,-0.07216558783323979,0,MGRC
09-07-1998,0.0222224700995437,0,MGRC
10-07-1998,0.01086988740782635,0,MGRC
13-07-1998,0.005376219785548919,0,MGRC
14-07-1998,0.031149348817371525,0,MGRC
15-07-1998,0.005207689831864704,1,MGRC
16-07-1998,-0.005180710299516167,1,MGRC
17-07-1998,-0.01041662295713297,0,MGRC
20-07-1998,0.03157865641711344,1,MGRC
21-07-1998,-0.03571376374841784,0,MGRC
22-07-1998,0.0,0,MGRC
23-07-1998,0.0,0,MGRC
24-07-1998,0.015872707634079664,1,MGRC
27-07-1998,-0.04166703576939579,1,MGRC
28-07-1998,-0.11956508606985694,0,MGRC
29-07-1998,0.006172999252642253,1,MGRC
30-07-1998,-0.006135127117530947,1,MGRC
31-07-1998,-0.04320961333105555,1,MGRC
03-08-1998,-0.02258103080216778,1,MGRC
04-08-1998,-0.009900558157691641,0,MGRC
05-08-1998,0.006666041373021514,0,MGRC
06-08-1998,0.15231821319769678,0,MGRC
07-08-1998,0.045977173127363935,1,MGRC
10-08-1998,-0.052198080103407096,1,MGRC
11-08-1998,-0.0202898643482039,0,MGRC
12-08-1998,0.04142004938981336,0,MGRC
13-08-1998,0.0,1,MGRC
14-08-1998,-0.028408815406446908,0,MGRC
17-08-1998,0.014619737116249754,0,MGRC
18-08-1998,0.02449614138929257,1,MGRC
19-08-1998,-0.009845875283901018,0,MGRC
20-08-1998,0.0,1,MGRC
21-08-1998,-0.022727357497317024,1,MGRC
24-08-1998,-0.02325503529769757,1,MGRC
25-08-1998,-0.11309544636797675,0,MGRC
26-08-1998,0.04026848728876864,1,MGRC
27-08-1998,-0.006451778089173299,0,MGRC
28-08-1998,0.02272727713090994,1,MGRC
31-08-1998,-0.08888871627501105,0,MGRC
01-09-1998,0.04529618210006947,1,MGRC
02-09-1998,-0.0466670638574338,1,MGRC
03-09-1998,-0.041957984319891284,0,MGRC
04-09-1998,0.04744561397547842,1,MGRC
08-09-1998,-0.0034847215799261866,1,MGRC
09-09-1998,-0.02797181565934659,0,MGRC
10-09-1998,0.02158264578305591,0,MGRC
11-09-1998,0.056338328572044016,0,MGRC
14-09-1998,0.013333375771078071,0,MGRC
15-09-1998,0.006578918955209678,0,MGRC
16-09-1998,0.019606978902629413,0,MGRC
17-09-1998,0.06410310850363587,1,MGRC
18-09-1998,-0.036144255623582144,0,MGRC
21-09-1998,0.0,0,MGRC
22-09-1998,0.03749965265493782,1,MGRC
23-09-1998,-0.024096380127912487,1,MGRC
24-09-1998,-0.04320961333105555,1,MGRC
25-09-1998,-0.0451613878195497,1,MGRC
28-09-1998,-0.05405413306540019,1,MGRC
29-09-1998,-0.014285763002524154,1,MGRC
30-09-1998,-0.014493019987296796,1,MGRC
01-10-1998,-0.014705388692094923,0,MGRC
02-10-1998,0.029850508633169293,1,MGRC
05-10-1998,-0.0217388272497534,0,MGRC
06-10-1998,0.018517996642334555,0,MGRC
07-10-1998,0.025454014763278687,1,MGRC
08-10-1998,-0.007091434631752547,1,MGRC
09-10-1998,-0.007142828217251318,0,MGRC
12-10-1998,0.05755415142692888,1,MGRC
13-10-1998,-0.07483042494040315,0,MGRC
14-10-1998,0.013313703915388775,1,MGRC
15-10-1998,-0.007299609870463519,0,MGRC
16-10-1998,0.04411808007977758,0,MGRC
19-10-1998,0.007042476394778507,0,MGRC
20-10-1998,0.02797186985555733,0,MGRC
21-10-1998,0.006802734129459198,0,MGRC
22-10-1998,0.0,1,MGRC
23-10-1998,-0.09459407320777447,0,MGRC
26-10-1998,0.07462630068392095,0,MGRC
27-10-1998,0.020833268959368656,0,MGRC
28-10-1998,0.04421762049697109,0,MGRC
29-10-1998,0.06840399597658231,0,MGRC
30-10-1998,0.018293169855962743,1,MGRC
02-11-1998,-0.005988476525639164,0,MGRC
03-11-1998,0.05421679050145389,1,MGRC
04-11-1998,-0.005713957841519179,0,MGRC
05-11-1998,0.09482778240583567,1,MGRC
06-11-1998,-0.06561724276811787,0,MGRC
09-11-1998,0.03932641801022574,1,MGRC
10-11-1998,-0.03783837043757199,0,MGRC
11-11-1998,0.0,1,MGRC
12-11-1998,-0.01123630988751112,1,MGRC
13-11-1998,-0.09374974981925888,0,MGRC
16-11-1998,0.0031351279674336485,0,MGRC
17-11-1998,0.04999999073015071,1,MGRC
18-11-1998,-0.041666736558387485,1,MGRC
19-11-1998,-0.006211098873117882,0,MGRC
20-11-1998,0.037499784476006104,1,MGRC
23-11-1998,-0.01204821537719536,0,MGRC
24-11-1998,0.003049193247098625,1,MGRC
25-11-1998,-0.02735579904079566,0,MGRC
27-11-1998,0.01249974276168464,0,MGRC
30-11-1998,0.0,0,MGRC
01-12-1998,0.0,1,MGRC
02-12-1998,-0.012345428086322663,1,MGRC
03-12-1998,-0.009375154690608567,0,MGRC
04-12-1998,0.022081918857447258,1,MGRC
07-12-1998,-0.02469103928082428,1,MGRC
08-12-1998,-0.031645713992834,0,MGRC
09-12-1998,0.019607780411626807,1,MGRC
10-12-1998,-0.0064104581407303796,1,MGRC
11-12-1998,-0.019354494847349524,1,MGRC
14-12-1998,-0.019736874845034946,0,MGRC
15-12-1998,0.08724807162246506,1,MGRC
16-12-1998,-0.043209959620068794,0,MGRC
17-12-1998,0.01935526035773827,0,MGRC
18-12-1998,0.031645432377182425,0,MGRC
21-12-1998,0.07975401117204561,0,MGRC
22-12-1998,0.0,1,MGRC
23-12-1998,-0.07386313025637636,0,MGRC
24-12-1998,0.05521418243792264,0,MGRC
28-12-1998,0.0,1,MGRC
29-12-1998,-0.029068970304560016,0,MGRC
30-12-1998,0.005987766022403029,0,MGRC
31-12-1998,0.04761842122106863,0,MGRC
04-01-1999,0.022727914339125466,1,MGRC
05-01-1999,-0.022222835634453153,1,MGRC
06-01-1999,-0.022727240167865315,1,MGRC
07-01-1999,-0.017441727107555316,1,MGRC
08-01-1999,-0.00591673341692367,1,MGRC
11-01-1999,-0.035714522190032794,0,MGRC
12-01-1999,0.003086563018281918,0,MGRC
13-01-1999,0.06060640633474068,1,MGRC
14-01-1999,-0.020408279178519173,1,MGRC
15-01-1999,-0.025297357851816304,1,MGRC
19-01-1999,-0.0015270672053777634,1,MGRC
20-01-1999,-0.042813346342689296,0,MGRC
21-01-1999,0.0,0,MGRC
22-01-1999,0.012779181822665686,1,MGRC
25-01-1999,-0.006309014026487203,0,MGRC
26-01-1999,0.0031749568787031723,1,MGRC
27-01-1999,-0.025316745384601935,0,MGRC
28-01-1999,0.0,0,MGRC
29-01-1999,0.003246539793879899,1,MGRC
01-02-1999,-0.012944613153719198,0,MGRC
02-02-1999,0.009835901208774533,0,MGRC
03-02-1999,0.07792165101633097,1,MGRC
04-02-1999,-0.04819211123614553,1,MGRC
05-02-1999,-0.006329162993718329,1,MGRC
08-02-1999,-0.012738952896689026,0,MGRC
09-02-1999,0.012903327781508267,1,MGRC
10-02-1999,-0.03184747624642237,1,MGRC
11-02-1999,-0.00657919522127437,1,MGRC
12-02-1999,-0.019867130228151675,0,MGRC
16-02-1999,0.0,1,MGRC
17-02-1999,-0.03378395357937347,1,MGRC
18-02-1999,-0.04195797122808842,0,MGRC
19-02-1999,0.05109476469717533,0,MGRC
22-02-1999,0.013889002768084469,0,MGRC
23-02-1999,0.010273499708161049,1,MGRC
24-02-1999,-0.0033894092417985355,0,MGRC
25-02-1999,0.0,0,MGRC
26-02-1999,0.020408128432788164,1,MGRC
01-03-1999,-0.01333314704519628,1,MGRC
02-03-1999,-0.020270531701575112,1,MGRC
03-03-1999,-0.020689520395770544,0,MGRC
04-03-1999,0.02816903457869402,1,MGRC
05-03-1999,-0.0034247357730274874,1,MGRC
08-03-1999,-0.05154635619815995,0,MGRC
09-03-1999,0.043478186471366476,0,MGRC
10-03-1999,0.013889002768084469,0,MGRC
11-03-1999,0.0,0,MGRC
12-03-1999,0.020548212463616267,1,MGRC
15-03-1999,-0.03355740861914269,0,MGRC
16-03-1999,0.006944398892766213,0,MGRC
17-03-1999,0.0,0,MGRC
18-03-1999,0.0,0,MGRC
19-03-1999,0.013793217166068628,1,MGRC
22-03-1999,-0.013605552821339462,0,MGRC
23-03-1999,0.006896710367478409,1,MGRC
24-03-1999,-0.006849471546055086,0,MGRC
25-03-1999,0.0,0,MGRC
26-03-1999,0.0,0,MGRC
29-03-1999,0.017241063427587022,0,MGRC
30-03-1999,0.003390409834950203,1,MGRC
31-03-1999,-0.013513621320237146,1,MGRC
01-04-1999,-0.02739727966057315,0,MGRC
05-04-1999,0.04225365580284657,1,MGRC
06-04-1999,-0.07432441865520745,0,MGRC
07-04-1999,0.03649632205686437,1,MGRC
08-04-1999,-0.02816903457869402,0,MGRC
09-04-1999,0.043478186471366476,0,MGRC
12-04-1999,0.01736079224936371,0,MGRC
13-04-1999,0.030645004652279928,0,MGRC
14-04-1999,0.013333062248717331,0,MGRC
15-04-1999,0.0394739532852213,1,MGRC
16-04-1999,-0.0411396108159372,0,MGRC
19-04-1999,0.02475280439230021,1,MGRC
20-04-1999,-0.07246395289262242,0,MGRC
21-04-1999,0.013888915757968467,0,MGRC
22-04-1999,0.006849579199678102,0,MGRC
23-04-1999,0.04761867714991719,1,MGRC
26-04-1999,-0.04545420789887533,0,MGRC
27-04-1999,0.040816194220208546,1,MGRC
28-04-1999,-0.03267974858355682,1,MGRC
29-04-1999,-0.047297233037120745,0,MGRC
30-04-1999,0.07801395430043034,1,MGRC
03-05-1999,-0.0460527686547354,0,MGRC
04-05-1999,0.0,0,MGRC
05-05-1999,0.02413846137822917,0,MGRC
06-05-1999,0.01683447529295412,1,MGRC
07-05-1999,-0.013244769464749284,0,MGRC
10-05-1999,0.046979508483460775,0,MGRC
11-05-1999,0.0320513983305768,1,MGRC
12-05-1999,-0.012422112496779603,0,MGRC
13-05-1999,0.0,1,MGRC
14-05-1999,-0.09433974617350971,0,MGRC
17-05-1999,0.027777933335607408,1,MGRC
18-05-1999,-0.0033788054408020463,0,MGRC
19-05-1999,0.06440759308603972,0,MGRC
20-05-1999,0.006369202499753923,1,MGRC
21-05-1999,-0.022152283726957767,1,MGRC
24-05-1999,-0.06796104435061379,0,MGRC
25-05-1999,0.01041706864223979,0,MGRC
26-05-1999,0.010309168230784094,0,MGRC
27-05-1999,0.03401331232374405,1,MGRC
28-05-1999,-0.013157630739028203,0,MGRC
01-06-1999,0.019999886613646156,0,MGRC
02-06-1999,0.006535719724081623,1,MGRC
03-06-1999,-0.006493281456393163,0,MGRC
04-06-1999,0.032679844413819215,1,MGRC
07-06-1999,-0.06329124495934768,0,MGRC
08-06-1999,0.0,0,MGRC
09-06-1999,0.04729743117266527,1,MGRC
10-06-1999,-0.05161289407157432,1,MGRC
11-06-1999,-0.020408446206015673,1,MGRC
14-06-1999,-0.006944406969149108,0,MGRC
15-06-1999,0.0,0,MGRC
16-06-1999,0.0,0,MGRC
17-06-1999,0.020979009506943536,1,MGRC
18-06-1999,-0.010273665825374034,0,MGRC
21-06-1999,0.04152255770700086,0,MGRC
22-06-1999,0.00996637865770067,1,MGRC
23-06-1999,-0.026315647321015212,0,MGRC
24-06-1999,0.010134930305822243,1,MGRC
25-06-1999,-0.010033244076366965,0,MGRC
28-06-1999,0.020269959679416694,0,MGRC
29-06-1999,0.013245352062156934,0,MGRC
30-06-1999,0.04575128386198268,1,MGRC
01-07-1999,-0.018749352235873262,0,MGRC
02-07-1999,0.006369202499753923,1,MGRC
06-07-1999,-0.0031646782450294175,0,MGRC
07-07-1999,0.012698249269784245,1,MGRC
08-07-1999,-0.012539025597151476,0,MGRC
09-07-1999,0.009523803317659008,0,MGRC
12-07-1999,0.006288996736268926,0,MGRC
13-07-1999,0.015468080428959752,1,MGRC
14-07-1999,-0.009287962016844009,0,MGRC
15-07-1999,0.0,1,MGRC
16-07-1999,-0.03749996584204818,0,MGRC
19-07-1999,0.016233892825777474,1,MGRC
20-07-1999,-0.006389769514778876,0,MGRC
21-07-1999,0.0,0,MGRC
22-07-1999,0.003215102584491092,1,MGRC
23-07-1999,-0.009615050446807105,1,MGRC
26-07-1999,-0.030744279635495753,0,MGRC
27-07-1999,0.04173581435835039,1,MGRC
28-07-1999,-0.019230754857927135,1,MGRC
29-07-1999,-0.021241456670790915,1,MGRC
30-07-1999,-0.01168630052355657,0,MGRC
02-08-1999,0.00675665162978345,0,MGRC
03-08-1999,0.0,0,MGRC
04-08-1999,0.006711696925284283,1,MGRC
05-08-1999,-0.010000231241684254,1,MGRC
06-08-1999,-0.010101049754267621,1,MGRC
09-08-1999,-0.017006837117730877,0,MGRC
10-08-1999,0.0,1,MGRC
11-08-1999,-0.0034601542167547183,0,MGRC
12-08-1999,0.018229415735065535,0,MGRC
13-08-1999,0.06393818473213453,1,MGRC
16-08-1999,-0.019230754857927135,0,MGRC
17-08-1999,0.0,1,MGRC
18-08-1999,-0.006535752221139335,1,MGRC
19-08-1999,-0.0296056662406311,0,MGRC
20-08-1999,0.023728553646095163,0,MGRC
23-08-1999,0.013245511862519654,1,MGRC
24-08-1999,-0.026143675671690403,0,MGRC
25-08-1999,0.006711696925284283,0,MGRC
26-08-1999,0.0,1,MGRC
27-08-1999,-0.006666950374951575,0,MGRC
30-08-1999,0.016778557625832802,1,MGRC
31-08-1999,-0.018151485948009416,1,MGRC
01-09-1999,-0.018487739276582094,0,MGRC
02-09-1999,0.0,0,MGRC
03-09-1999,0.0,0,MGRC
07-09-1999,0.00684930891506208,1,MGRC
08-09-1999,-0.006802715018439653,0,MGRC
09-09-1999,0.00684930891506208,1,MGRC
10-09-1999,-0.02040814505531896,0,MGRC
13-09-1999,0.010416606573973697,1,MGRC
14-09-1999,-0.003436873935179552,0,MGRC
15-09-1999,0.0034487267743399386,1,MGRC
16-09-1999,-0.010309219490456822,0,MGRC
17-09-1999,0.00694393207516697,1,MGRC
20-09-1999,-0.0034478221770861683,0,MGRC
21-09-1999,0.0034597507825615548,1,MGRC
22-09-1999,-0.0068960463973961605,0,MGRC
23-09-1999,0.0,0,MGRC
24-09-1999,0.027777853684337384,1,MGRC
27-09-1999,-0.02702709888597077,0,MGRC
28-09-1999,0.017360943484125313,1,MGRC
29-09-1999,-0.0034128175143415262,1,MGRC
30-09-1999,-0.01369861783012416,1,MGRC
01-10-1999,-0.04166612266965597,0,MGRC
04-10-1999,0.04347766854045321,1,MGRC
05-10-1999,-0.027777752475591222,0,MGRC
06-10-1999,0.02499992452719413,1,MGRC
07-10-1999,-0.006968736660545538,0,MGRC
08-10-1999,0.0,0,MGRC
11-10-1999,0.024561538079977296,0,MGRC
12-10-1999,0.013698717652450343,0,MGRC
13-10-1999,0.02013061507449998,1,MGRC
14-10-1999,-0.053333779946188264,0,MGRC
15-10-1999,0.04225381841527054,1,MGRC
18-10-1999,-0.02871593312376497,1,MGRC
19-10-1999,-0.01913079757537761,0,MGRC
20-10-1999,0.0,1,MGRC
21-10-1999,-0.007092092976638598,1,MGRC
22-10-1999,-0.014285189772283657,0,MGRC
25-10-1999,0.0036227124460059823,1,MGRC
26-10-1999,-0.05415175022955532,1,MGRC
27-10-1999,-0.015266616168856495,0,MGRC
28-10-1999,0.011627614619419857,0,MGRC
29-10-1999,0.042145397042937516,0,MGRC
01-11-1999,0.02941174904895605,0,MGRC
02-11-1999,0.007142750023917177,0,MGRC
03-11-1999,0.014184288644959686,0,MGRC
04-11-1999,0.020979115861746722,1,MGRC
05-11-1999,-0.013698426353057291,0,MGRC
08-11-1999,0.0,0,MGRC
09-11-1999,0.0,0,MGRC
10-11-1999,0.00694403804575483,1,MGRC
11-11-1999,-0.006896150911456456,0,MGRC
12-11-1999,0.020833220212048698,1,MGRC
15-11-1999,-0.020408054714090462,0,MGRC
16-11-1999,0.0,0,MGRC
17-11-1999,0.027777660466815846,1,MGRC
18-11-1999,-0.013513604737700913,0,MGRC
19-11-1999,0.041096270807626345,1,MGRC
22-11-1999,-0.046053168043237336,0,MGRC
23-11-1999,0.027586401104758185,1,MGRC
24-11-1999,-0.01342271639629633,1,MGRC
26-11-1999,-0.020408054714090462,0,MGRC
29-11-1999,0.00694403804575483,1,MGRC
30-11-1999,-0.006896150911456456,0,MGRC
01-12-1999,0.0,0,MGRC
02-12-1999,0.0,0,MGRC
03-12-1999,0.0,0,MGRC
06-12-1999,0.0,0,MGRC
07-12-1999,0.013888679405028359,0,MGRC
08-12-1999,0.006849411526219651,1,MGRC
09-12-1999,-0.03401388419097762,0,MGRC
10-12-1999,0.003521482932304698,0,MGRC
13-12-1999,0.0,1,MGRC
14-12-1999,-0.0596492418876301,0,MGRC
15-12-1999,0.01492547473938477,0,MGRC
16-12-1999,0.0073530437293380935,0,MGRC
17-12-1999,0.05109485810964842,0,MGRC
20-12-1999,0.020833220212048698,1,MGRC
21-12-1999,-0.006802816238266396,1,MGRC
22-12-1999,-0.013698426353057291,0,MGRC
23-12-1999,0.0,0,MGRC
27-12-1999,0.00694403804575483,1,MGRC
28-12-1999,-0.044827227748132414,0,MGRC
29-12-1999,0.05415143659363797,1,MGRC
30-12-1999,-0.05051371578195096,0,MGRC
31-12-1999,0.00991898567161309,1,MGRC
03-01-2000,-0.00714243974836648,1,MGRC
04-01-2000,-0.025180301269843497,1,MGRC
05-01-2000,-0.003690088555927451,0,MGRC
06-01-2000,0.037037128403050845,1,MGRC
07-01-2000,-0.021428456922118255,1,MGRC
10-01-2000,-0.02189800771261885,0,MGRC
11-01-2000,0.0,0,MGRC
12-01-2000,0.022249305901185235,0,MGRC
13-01-2000,0.007352792724075519,1,MGRC
14-01-2000,-0.04744524896402491,1,MGRC
18-01-2000,-0.02681949581846277,1,MGRC
19-01-2000,-0.007874533593546285,0,MGRC
20-01-2000,0.007937034034685597,1,MGRC
21-01-2000,-0.03149609686154009,1,MGRC
24-01-2000,-0.016260998789745962,1,MGRC
25-01-2000,-0.016528542193259388,0,MGRC
26-01-2000,0.0,0,MGRC
27-01-2000,0.046218710985659106,0,MGRC
28-01-2000,0.02811222813740022,0,MGRC
31-01-2000,0.046875186014871284,1,MGRC
01-02-2000,-0.08395556894434941,0,MGRC
02-02-2000,0.05906313860291168,0,MGRC
03-02-2000,0.053846414992227754,0,MGRC
04-02-2000,0.0,1,MGRC
07-02-2000,-0.03649593369759696,1,MGRC
08-02-2000,-0.03030349893510287,0,MGRC
09-02-2000,0.031250498379466585,1,MGRC
10-02-2000,-0.01515218509736549,0,MGRC
11-02-2000,0.0,0,MGRC
14-02-2000,0.011538675474088711,0,MGRC
15-02-2000,0.0038027519089465223,0,MGRC
16-02-2000,0.0,0,MGRC
17-02-2000,0.0,0,MGRC
18-02-2000,0.0,0,MGRC
22-02-2000,0.0037874745102104423,0,MGRC
23-02-2000,0.01886776280706548,0,MGRC
24-02-2000,0.03703715141233643,1,MGRC
25-02-2000,-0.035714392065795963,1,MGRC
28-02-2000,-0.01111110282876182,0,MGRC
29-02-2000,0.011235946586664713,1,MGRC
01-03-2000,-0.01481494575481268,0,MGRC
02-03-2000,0.0037595403118335646,1,MGRC
03-03-2000,-0.011235408167495797,0,MGRC
06-03-2000,0.0,0,MGRC
07-03-2000,0.053029543978354354,1,MGRC
08-03-2000,-0.02158230747217582,1,MGRC
09-03-2000,-0.029411488009271514,0,MGRC
10-03-2000,0.03030273658292848,1,MGRC
13-03-2000,-0.03676523207225613,0,MGRC
14-03-2000,0.01908425302761385,1,MGRC
15-03-2000,-0.0074904874793314535,0,MGRC
16-03-2000,0.02264148896291962,1,MGRC
17-03-2000,-0.011069994819410955,1,MGRC
20-03-2000,-0.059701683082958645,0,MGRC
21-03-2000,0.023809847074669044,0,MGRC
22-03-2000,0.007751446438159171,0,MGRC
23-03-2000,0.023076908616065595,1,MGRC
24-03-2000,-0.056390402460617106,0,MGRC
27-03-2000,0.0,0,MGRC
28-03-2000,0.0,1,MGRC
29-03-2000,-0.027888793966706404,0,MGRC
30-03-2000,0.01639358556953474,0,MGRC
31-03-2000,0.024193871879729434,1,MGRC
03-04-2000,-0.007874533593546285,1,MGRC
04-04-2000,-0.015872813039983558,0,MGRC
05-04-2000,0.0403226947090376,1,MGRC
06-04-2000,-0.007752226519604277,0,MGRC
07-04-2000,0.0,1,MGRC
10-04-2000,-0.04687496139313996,1,MGRC
11-04-2000,-0.008197146287805657,0,MGRC
12-04-2000,0.06773471309296442,1,MGRC
13-04-2000,-0.07812486264948326,1,MGRC
14-04-2000,-0.016949023658191953,1,MGRC
17-04-2000,-0.03448267606031552,0,MGRC
18-04-2000,0.14285672502219215,1,MGRC
19-04-2000,-0.015624827877200542,0,MGRC
20-04-2000,0.015872838242664722,1,MGRC
24-04-2000,-0.06640626955940898,0,MGRC
25-04-2000,0.020920719020548484,0,MGRC
26-04-2000,0.02459018020198278,0,MGRC
27-04-2000,0.015999478602358064,0,MGRC
28-04-2000,0.009842624547358625,1,MGRC
01-05-2000,-0.029239519294262495,0,MGRC
02-05-2000,0.02409640483845421,1,MGRC
03-05-2000,-0.027451150801089064,0,MGRC
04-05-2000,0.0,0,MGRC
05-05-2000,0.04838702822828389,1,MGRC
08-05-2000,-0.030768897034269327,1,MGRC
09-05-2000,-0.015873290392649286,1,MGRC
10-05-2000,-0.016128741401096214,1,MGRC
11-05-2000,-0.04508195812242133,0,MGRC
12-05-2000,0.13304721554743093,0,MGRC
15-05-2000,0.0,0,MGRC
16-05-2000,0.007575079117253303,1,MGRC
17-05-2000,-0.0601497414622576,0,MGRC
18-05-2000,0.011999779864457105,1,MGRC
19-05-2000,-0.08300368644563005,0,MGRC
22-05-2000,0.0,0,MGRC
23-05-2000,0.0,0,MGRC
24-05-2000,0.03448212354088831,0,MGRC
25-05-2000,0.05000053410244076,1,MGRC
26-05-2000,-0.04761953206545955,0,MGRC
30-05-2000,0.033333570712196,0,MGRC
31-05-2000,0.006048450316481491,0,MGRC
01-06-2000,0.01402808768633701,1,MGRC
02-06-2000,-0.06719352747427698,0,MGRC
05-06-2000,0.08474560109519302,1,MGRC
06-06-2000,-0.06250031295054448,0,MGRC
07-06-2000,0.0,0,MGRC
08-06-2000,0.033333570712196,0,MGRC
09-06-2000,0.03225817196647407,1,MGRC
12-06-2000,-0.06250031295054448,0,MGRC
13-06-2000,0.0,0,MGRC
14-06-2000,0.037500400576830684,1,MGRC
15-06-2000,-0.05220874368400874,0,MGRC
16-06-2000,0.016948661555017175,0,MGRC
19-06-2000,0.033333570712196,1,MGRC
20-06-2000,-0.0040319556288469505,0,MGRC
21-06-2000,0.004048278106545622,1,MGRC
22-06-2000,-0.032258286827187566,0,MGRC
23-06-2000,0.0,0,MGRC
26-06-2000,0.0,0,MGRC
27-06-2000,0.0625004302491885,0,MGRC
28-06-2000,0.011765161912426159,0,MGRC
29-06-2000,0.0387595187462344,0,MGRC
30-06-2000,0.014924778233379454,1,MGRC
03-07-2000,-0.07352903752341544,0,MGRC
05-07-2000,0.07936464336330862,0,MGRC
06-07-2000,0.007353542580684325,1,MGRC
07-07-2000,-0.06569377441275281,0,MGRC
10-07-2000,0.06249975659402107,0,MGRC
11-07-2000,0.029412599433369824,0,MGRC
12-07-2000,0.0008638208900804134,1,MGRC
13-07-2000,-0.10431695224929671,1,MGRC
14-07-2000,-0.012047599371615147,0,MGRC
17-07-2000,0.024390061794451245,0,MGRC
18-07-2000,0.0,1,MGRC
19-07-2000,-0.011905179734349791,0,MGRC
20-07-2000,0.03614461386252987,1,MGRC
21-07-2000,-0.03488375404258526,1,MGRC
24-07-2000,-0.020079899707176607,1,MGRC
25-07-2000,-0.004098504468574293,0,MGRC
26-07-2000,0.05349738536120907,1,MGRC
27-07-2000,-0.00390572741413564,1,MGRC
28-07-2000,-0.039215738422266,1,MGRC
31-07-2000,-0.01224475343485143,0,MGRC
01-08-2000,0.024793325703791336,0,MGRC
02-08-2000,0.028225774750065824,0,MGRC
03-08-2000,0.00784285956810038,0,MGRC
04-08-2000,0.03891100810596515,1,MGRC
07-08-2000,-0.007491004941474588,1,MGRC
08-08-2000,-0.011320835596604795,0,MGRC
09-08-2000,0.049618355601271036,1,MGRC
10-08-2000,-0.007272471319849538,1,MGRC
11-08-2000,-0.025640789431463973,0,MGRC
14-08-2000,0.03195441057444537,1,MGRC
15-08-2000,-0.028233378912605467,0,MGRC
16-08-2000,0.0,0,MGRC
17-08-2000,0.02717918089785676,1,MGRC
18-08-2000,-0.010948468501470021,1,MGRC
21-08-2000,-0.003690270452998967,0,MGRC
22-08-2000,0.014814604724267433,0,MGRC
23-08-2000,0.02189796830119195,0,MGRC
24-08-2000,0.007143109442568907,1,MGRC
25-08-2000,-0.04964572834864622,0,MGRC
28-08-2000,0.029851171170867108,1,MGRC
29-08-2000,-0.00724683530696002,0,MGRC
30-08-2000,0.010949190410246334,1,MGRC
31-08-2000,-0.014440431371608886,0,MGRC
01-09-2000,0.0,0,MGRC
05-09-2000,0.04029290569529653,1,MGRC
06-09-2000,-0.014084507042253502,0,MGRC
07-09-2000,0.02500007568991358,1,MGRC
08-09-2000,-0.05226507526358304,0,MGRC
11-09-2000,0.014706404849165855,0,MGRC
12-09-2000,0.014492442024396146,0,MGRC
13-09-2000,0.010714159564429782,0,MGRC
14-09-2000,0.021201565848878,0,MGRC
15-09-2000,0.0,0,MGRC
18-09-2000,0.010380793693458568,0,MGRC
19-09-2000,0.0008562428454901294,0,MGRC
20-09-2000,0.010265253643629846,0,MGRC
21-09-2000,0.029635072180474786,0,MGRC
22-09-2000,0.01973717661220431,0,MGRC
25-09-2000,0.0,0,MGRC
26-09-2000,0.009677489043126597,0,MGRC
27-09-2000,0.015974464546139266,1,MGRC
28-09-2000,-0.01886796979674632,1,MGRC
29-09-2000,-0.025641390239853346,0,MGRC
02-10-2000,0.0,0,MGRC
03-10-2000,0.0296056719657376,1,MGRC
04-10-2000,-0.03514356921813566,1,MGRC
05-10-2000,-0.006622655978944958,0,MGRC
06-10-2000,0.022500088304899135,1,MGRC
09-10-2000,-0.06112486757864677,0,MGRC
10-10-2000,0.00694478853378433,0,MGRC
11-10-2000,0.004308888269604516,0,MGRC
12-10-2000,0.0034602828127514584,0,MGRC
13-10-2000,0.03965520942166911,1,MGRC
16-10-2000,-0.04477601807535081,1,MGRC
17-10-2000,-0.003472199572809642,1,MGRC
18-10-2000,-0.006968595499937225,0,MGRC
19-10-2000,0.016666556805102317,0,MGRC
20-10-2000,0.07678993538720014,1,MGRC
23-10-2000,-0.044871430784787836,1,MGRC
24-10-2000,-0.02684574556821495,1,MGRC
25-10-2000,-0.006896411027528249,1,MGRC
26-10-2000,-0.019965050184986288,1,MGRC
27-10-2000,-0.022143836939184425,1,MGRC
30-10-2000,-0.014492457682245052,0,MGRC
31-10-2000,0.014705577643942869,1,MGRC
01-11-2000,-0.0036229620330605616,1,MGRC
02-11-2000,-0.0036366454196794518,1,MGRC
03-11-2000,-0.051094873330919666,1,MGRC
06-11-2000,-0.03557669670933994,0,MGRC
07-11-2000,0.044865331433407984,1,MGRC
08-11-2000,-0.026718131974975634,1,MGRC
09-11-2000,-0.043136668890019214,0,MGRC
10-11-2000,0.0,0,MGRC
13-11-2000,0.11065616204322803,1,MGRC
14-11-2000,-0.025830389639494467,1,MGRC
15-11-2000,-0.04545487373823198,0,MGRC
16-11-2000,0.011904240009275258,0,MGRC
17-11-2000,0.05882394983975803,1,MGRC
20-11-2000,-0.04074058650534862,0,MGRC
21-11-2000,0.011583044604351445,0,MGRC
22-11-2000,0.04580133473472747,0,MGRC
24-11-2000,0.04014624235494102,1,MGRC
27-11-2000,-0.0035092407185260965,1,MGRC
28-11-2000,-0.021126335051168788,0,MGRC
29-11-2000,0.021582289735287974,0,MGRC
30-11-2000,0.007042704063468408,0,MGRC
01-12-2000,0.031468030644400846,1,MGRC
04-12-2000,-0.023728384068958053,0,MGRC
05-12-2000,0.0034720048554715,0,MGRC
06-12-2000,0.010381042481872216,1,MGRC
07-12-2000,-0.003424826564501271,0,MGRC
08-12-2000,0.020618325250436165,1,MGRC
11-12-2000,-0.016834627122124357,1,MGRC
12-12-2000,-0.01027438366853406,0,MGRC
13-12-2000,0.02422217373287827,0,MGRC
14-12-2000,0.0033776916053986916,0,MGRC
15-12-2000,0.005892218621589729,1,MGRC
18-12-2000,-0.002510256753670892,1,MGRC
19-12-2000,-0.03691270021164028,1,MGRC
20-12-2000,-0.017421977239321262,0,MGRC
21-12-2000,0.021276961732312083,0,MGRC
22-12-2000,0.0,1,MGRC
26-12-2000,-0.07638916947116425,0,MGRC
27-12-2000,0.10902240540766472,0,MGRC
28-12-2000,0.07118667298295667,1,MGRC
29-12-2000,-0.018987222152469063,1,MGRC
02-01-2001,-0.05403227287195056,0,MGRC
03-01-2001,0.016197870925516833,1,MGRC
04-01-2001,-0.006710895365339309,1,MGRC
05-01-2001,-0.01689234184660282,0,MGRC
08-01-2001,0.030927825118044483,1,MGRC
09-01-2001,-0.0333334891072008,0,MGRC
10-01-2001,0.08423653721985103,1,MGRC
11-01-2001,-0.009615071643974682,1,MGRC
12-01-2001,-0.035598315906015365,0,MGRC
16-01-2001,0.026844993429452346,0,MGRC
17-01-2001,0.019607748647665346,0,MGRC
18-01-2001,0.10256465819553728,1,MGRC
19-01-2001,-0.031976873499979575,1,MGRC
22-01-2001,-0.045044815466023014,0,MGRC
23-01-2001,0.06289289191812308,1,MGRC
24-01-2001,-0.0029587566900053375,1,MGRC
25-01-2001,-0.026706098427050184,0,MGRC
26-01-2001,0.04878060573282039,0,MGRC
29-01-2001,0.034883781119990465,1,MGRC
30-01-2001,-0.0561798428970135,0,MGRC
31-01-2001,0.011904561790981427,0,MGRC
01-02-2001,0.02058832290199497,1,MGRC
02-02-2001,-0.00288217711894867,0,MGRC
05-02-2001,0.015896427400852176,1,MGRC
06-02-2001,-0.029872097829574895,1,MGRC
07-02-2001,-0.0029326451140408993,1,MGRC
08-02-2001,-0.07058820833784774,0,MGRC
09-02-2001,0.03480983346516853,0,MGRC
12-02-2001,0.02446545263708,1,MGRC
13-02-2001,-0.06865731662985075,0,MGRC
14-02-2001,0.0,0,MGRC
15-02-2001,0.028846552563155603,1,MGRC
16-02-2001,-0.021806597607384903,0,MGRC
20-02-2001,0.022292726115354045,1,MGRC
21-02-2001,-0.01869166654965526,1,MGRC
22-02-2001,-0.015873083169090973,1,MGRC
23-02-2001,-0.054838407420158664,0,MGRC
26-02-2001,0.006825680915821142,0,MGRC
27-02-2001,0.023728537010585304,0,MGRC
28-02-2001,0.02980201180439157,0,MGRC
01-03-2001,0.054662052927740845,0,MGRC
02-03-2001,0.06707285573996691,1,MGRC
05-03-2001,-0.005713993178185328,1,MGRC
06-03-2001,-0.005747470131352017,1,MGRC
07-03-2001,-0.014450530063181755,0,MGRC
08-03-2001,0.008797772159020889,0,MGRC
09-03-2001,0.01453478074001624,1,MGRC
12-03-2001,-0.06017193005001875,0,MGRC
13-03-2001,0.04878060573282039,1,MGRC
14-03-2001,-0.0261626538600217,1,MGRC
15-03-2001,-0.002985003226188776,0,MGRC
16-03-2001,0.0,0,MGRC
19-03-2001,0.011975760588748496,1,MGRC
20-03-2001,-0.008875529228423384,1,MGRC
21-03-2001,-0.002985003226188776,0,MGRC
22-03-2001,0.005987796992848127,0,MGRC
23-03-2001,0.023809537610474107,0,MGRC
26-03-2001,0.01453478074001624,1,MGRC
27-03-2001,-0.014326547513151211,0,MGRC
28-03-2001,0.0,0,MGRC
29-03-2001,0.0,0,MGRC
30-03-2001,0.017441445720065563,1,MGRC
02-04-2001,-0.005713993178185328,1,MGRC
03-04-2001,-0.005747470131352017,0,MGRC
04-04-2001,0.014451414600788803,0,MGRC
05-04-2001,0.05982874208360567,0,MGRC
06-04-2001,0.0,0,MGRC
09-04-2001,0.014193552054330372,0,MGRC
10-04-2001,0.024764936055232445,1,MGRC
11-04-2001,-0.010416699649883787,0,MGRC
12-04-2001,0.012631473923087277,1,MGRC
16-04-2001,-0.016631784319662057,1,MGRC
17-04-2001,-0.006342149026371091,0,MGRC
18-04-2001,0.010637812339621355,1,MGRC
19-04-2001,-0.00042090853704035425,0,MGRC
20-04-2001,0.010951867742399646,0,MGRC
23-04-2001,0.0,1,MGRC
24-04-2001,-0.03333307906271432,0,MGRC
25-04-2001,0.015086399586801358,1,MGRC
26-04-2001,-0.001698738424718016,0,MGRC
27-04-2001,0.05699660232511161,1,MGRC
30-04-2001,-0.00965756289467501,0,MGRC
01-05-2001,0.005688691001033863,0,MGRC
02-05-2001,0.0020205569954432345,1,MGRC
03-05-2001,-0.018145348593462507,1,MGRC
04-05-2001,-0.004106645974319423,1,MGRC
07-05-2001,-0.04082506642113304,0,MGRC
08-05-2001,0.0004301466812806076,0,MGRC
09-05-2001,0.01632978784991823,1,MGRC
10-05-2001,-0.04439759917764208,0,MGRC
11-05-2001,0.014601816778723187,0,MGRC
14-05-2001,0.04012223769827239,1,MGRC
15-05-2001,-0.037735746581169516,0,MGRC
16-05-2001,0.03050095307717604,0,MGRC
17-05-2001,0.050317206039621754,0,MGRC
18-05-2001,0.0016101717129444193,0,MGRC
21-05-2001,0.034967746637996955,0,MGRC
22-05-2001,0.005437246071251733,0,MGRC
23-05-2001,0.010042382834141605,0,MGRC
24-05-2001,0.02103256729084091,1,MGRC
25-05-2001,-0.002621795164126639,0,MGRC
29-05-2001,0.02591102869472217,1,MGRC
30-05-2001,-0.03001497195737146,0,MGRC
31-05-2001,0.03735853495839114,1,MGRC
01-06-2001,-0.017824275237574905,1,MGRC
04-06-2001,-0.0018520483739452587,0,MGRC
05-06-2001,0.0,1,MGRC
06-06-2001,-0.009276655074773044,0,MGRC
07-06-2001,0.007490399763766087,1,MGRC
08-06-2001,-0.011152258827274442,1,MGRC
11-06-2001,-0.01353368022058321,1,MGRC
12-06-2001,-0.0282016284298795,0,MGRC
13-06-2001,0.01960817780436419,1,MGRC
14-06-2001,-0.04807699716938196,1,MGRC
15-06-2001,-0.00606020555041531,1,MGRC
18-06-2001,-0.008537379830872771,1,MGRC
19-06-2001,-0.005739368784150267,1,MGRC
20-06-2001,-0.014433456081144658,0,MGRC
21-06-2001,0.03305536558025213,1,MGRC
22-06-2001,-0.01984676552963116,1,MGRC
25-06-2001,-0.045454963934221215,0,MGRC
26-06-2001,0.014718813774055928,1,MGRC
27-06-2001,-0.005972788851992705,0,MGRC
28-06-2001,0.018884330013307027,0,MGRC
29-06-2001,0.016849469401367,1,MGRC
02-07-2001,-0.03272600076940568,1,MGRC
03-07-2001,-0.0021415560168936976,1,MGRC
05-07-2001,-0.021459075081300738,1,MGRC
06-07-2001,-0.01754361113293157,0,MGRC
09-07-2001,0.026339283752274456,0,MGRC
10-07-2001,0.026533050583374518,1,MGRC
11-07-2001,-0.011092215236163994,0,MGRC
12-07-2001,0.02674747405976108,0,MGRC
13-07-2001,0.04621837201261658,1,MGRC
16-07-2001,-0.022891581786517734,0,MGRC
17-07-2001,0.0423345673062856,1,MGRC
18-07-2001,-0.018138786538402174,0,MGRC
19-07-2001,0.01606438153178269,0,MGRC
20-07-2001,0.007509636984377455,0,MGRC
23-07-2001,0.0003924113790281236,0,MGRC
24-07-2001,0.006274504738807751,1,MGRC
25-07-2001,-0.006235380812352309,1,MGRC
26-07-2001,-0.0019604127401399163,1,MGRC
27-07-2001,-0.0019648701359757936,0,MGRC
30-07-2001,0.009842409075093483,0,MGRC
31-07-2001,0.0136453799586429,0,MGRC
01-08-2001,0.001153746045894577,1,MGRC
02-08-2001,-0.03764903090126259,0,MGRC
03-08-2001,0.00399235549522059,1,MGRC
06-08-2001,-0.01192896247021391,0,MGRC
07-08-2001,0.0334007647907697,1,MGRC
08-08-2001,-0.029984497836998414,0,MGRC
09-08-2001,0.06463266088646624,1,MGRC
10-08-2001,-0.023378370004461857,1,MGRC
13-08-2001,-0.01119739681370635,0,MGRC
14-08-2001,0.01796185863865407,0,MGRC
15-08-2001,0.006904746802043116,1,MGRC
16-08-2001,-0.00609516736893978,1,MGRC
17-08-2001,-0.00804888889473332,0,MGRC
20-08-2001,0.0034776180947497792,1,MGRC
21-08-2001,-0.03388508093774123,0,MGRC
22-08-2001,0.00039798348652264615,1,MGRC
23-08-2001,-0.01434261869965503,0,MGRC
24-08-2001,0.0004041687415936579,0,MGRC
27-08-2001,0.00202030451434676,0,MGRC
28-08-2001,0.012500231718900467,1,MGRC
29-08-2001,-0.02429284548524413,0,MGRC
30-08-2001,0.022448354585054675,1,MGRC
31-08-2001,-0.002395070899577023,0,MGRC
04-09-2001,0.003601540451895202,1,MGRC
05-09-2001,-0.015151637438100218,1,MGRC
06-09-2001,-0.00809667309471429,1,MGRC
07-09-2001,-0.010204803233990312,0,MGRC
10-09-2001,0.028866103502227514,1,MGRC
17-09-2001,-0.008016026277220312,1,MGRC
18-09-2001,-0.005252417465649972,0,MGRC
19-09-2001,0.006092428353174917,1,MGRC
20-09-2001,-0.05692334892993822,1,MGRC
21-09-2001,-0.10958944246638536,0,MGRC
24-09-2001,0.019711733261352116,1,MGRC
25-09-2001,-0.007072251667471496,0,MGRC
26-09-2001,0.04226062938347397,1,MGRC
27-09-2001,-0.0296126859462732,0,MGRC
28-09-2001,0.0098591840812432,0,MGRC
01-10-2001,0.019061158987816684,0,MGRC
02-10-2001,0.030108977090973488,1,MGRC
03-10-2001,-0.04738683507580288,1,MGRC
04-10-2001,-0.0018595182861138593,1,MGRC
05-10-2001,-0.036795443127298655,0,MGRC
08-10-2001,0.023694317793271802,0,MGRC
09-10-2001,0.0283417146993854,0,MGRC
10-10-2001,0.008268329725217516,0,MGRC
11-10-2001,0.104176412729023,0,MGRC
12-10-2001,0.0016622096892562332,1,MGRC
15-10-2001,-0.004149158283322518,0,MGRC
16-10-2001,0.052499555115574914,0,MGRC
17-10-2001,0.005542606970878605,1,MGRC
18-10-2001,-0.040157903745383416,1,MGRC
19-10-2001,-0.015585938283067868,0,MGRC
22-10-2001,0.0,0,MGRC
23-10-2001,0.004166445525285667,0,MGRC
24-10-2001,0.016597834354182606,0,MGRC
25-10-2001,0.01183645283834589,1,MGRC
26-10-2001,-0.002420271451238243,1,MGRC
29-10-2001,-0.0072784989903407205,0,MGRC
30-10-2001,0.03788118149137887,1,MGRC
31-10-2001,-0.00902634829147797,1,MGRC
01-11-2001,-0.024554441850330067,0,MGRC
02-11-2001,0.006902340851269839,0,MGRC
05-11-2001,0.01814495598568766,1,MGRC
06-11-2001,-0.0011880561510299037,0,MGRC
07-11-2001,0.011102253712128807,1,MGRC
08-11-2001,-0.010195674080880734,1,MGRC
09-11-2001,-0.007528210633640509,1,MGRC
12-11-2001,-0.0019961067658454956,0,MGRC
13-11-2001,0.0008002303966030411,0,MGRC
14-11-2001,0.009192568735655993,0,MGRC
15-11-2001,0.011881573138492918,1,MGRC
16-11-2001,-0.001957309759148984,1,MGRC
19-11-2001,-0.002352950604331827,0,MGRC
20-11-2001,0.004324273740765605,0,MGRC
21-11-2001,0.003913353168809586,1,MGRC
23-11-2001,-0.003118611606381716,1,MGRC
26-11-2001,-0.0007819254479605187,0,MGRC
27-11-2001,0.0,1,MGRC
28-11-2001,-0.0023489450009087642,0,MGRC
29-11-2001,0.003138855333268298,0,MGRC
30-11-2001,0.0,0,MGRC
03-12-2001,0.0,1,MGRC
04-12-2001,-0.014470515729814615,0,MGRC
05-12-2001,0.014682986111298924,1,MGRC
06-12-2001,-0.02229203453658346,1,MGRC
07-12-2001,-0.02959980578678012,1,MGRC
10-12-2001,-0.01690061871833548,0,MGRC
11-12-2001,0.006289978175644917,0,MGRC
12-12-2001,0.041666158159747946,1,MGRC
13-12-2001,-0.007999647429985268,0,MGRC
14-12-2001,0.006854750468831661,0,MGRC
17-12-2001,0.003203675278976359,1,MGRC
18-12-2001,-0.0031934445197138173,0,MGRC
19-12-2001,0.0,0,MGRC
20-12-2001,0.5018021696416166,0,MGRC
21-12-2001,0.0002668342145766278,0,MGRC
24-12-2001,0.0,0,MGRC
26-12-2001,0.0005327996862038997,1,MGRC
27-12-2001,-0.000532515961866431,0,MGRC
28-12-2001,0.00026694462805720853,0,MGRC
31-12-2001,0.0,1,MGRC
02-01-2002,-0.0005335652287579151,1,MGRC
03-01-2002,-0.0005330326771099125,0,MGRC
04-01-2002,0.0,1,MGRC
07-01-2002,-0.0002665221710008714,1,MGRC
08-01-2002,-0.0005342771806017277,0,MGRC
09-01-2002,0.004005310341980151,0,MGRC
10-01-2002,0.0010641358325731431,0,MGRC
11-01-2002,0.0005335834549136109,0,MGRC
14-01-2002,0.002399438069184967,1,MGRC
15-01-2002,-0.01569551613519915,0,MGRC
16-01-2002,0.0,1,MGRC
17-01-2002,-0.004053931430823554,1,MGRC
18-01-2002,-0.005155752558849036,1,MGRC
22-01-2002,-0.01882191498736463,1,MGRC
23-01-2002,-0.026967022664352136,0,MGRC
24-01-2002,0.0,0,MGRC
25-01-2002,0.000571585708012412,1,MGRC
28-01-2002,-0.037407163119530296,1,MGRC
29-01-2002,-0.06555903788246986,0,MGRC
30-01-2002,0.016825011568224912,0,MGRC
31-01-2002,0.04558220309040539,1,MGRC
01-02-2002,-0.0011937022988692814,1,MGRC
04-02-2002,-0.08041875338563254,1,MGRC
05-02-2002,-0.06501994284341495,0,MGRC
06-02-2002,0.02538267816404094,0,MGRC
07-02-2002,0.0037300109192088815,0,MGRC
08-02-2002,0.0,0,MGRC
11-02-2002,0.006756666956916346,1,MGRC
12-02-2002,-0.018456274447078203,1,MGRC
13-02-2002,-0.003418931848147899,1,MGRC
14-02-2002,-0.012006382928226533,1,MGRC
15-02-2002,-0.0017365289768480618,0,MGRC
19-02-2002,0.01356594016548085,0,MGRC
20-02-2002,0.012010377439078734,1,MGRC
21-02-2002,-0.02509336527254613,0,MGRC
22-02-2002,0.0,0,MGRC
25-02-2002,0.011130075077726564,0,MGRC
26-02-2002,0.0003447336136621626,0,MGRC
27-02-2002,0.0058456235259845,0,MGRC
28-02-2002,0.0037608482215942818,0,MGRC
01-03-2002,0.004768085579968773,0,MGRC
04-03-2002,0.03694902830697977,1,MGRC
05-03-2002,-0.012748726779199804,0,MGRC
06-03-2002,0.0298014249003149,0,MGRC
07-03-2002,0.0064305620665210395,0,MGRC
08-03-2002,0.014376777336940094,1,MGRC
11-03-2002,-0.00283451756002695,1,MGRC
12-03-2002,-0.005053371252898842,1,MGRC
13-03-2002,-0.0015876837000750044,1,MGRC
14-03-2002,-0.013990534663514076,1,MGRC
15-03-2002,-0.0025795384105922192,0,MGRC
18-03-2002,0.007112706965573645,0,MGRC
19-03-2002,0.001605305597601081,0,MGRC
20-03-2002,0.003205030656814989,1,MGRC
21-03-2002,-0.009584915505865044,1,MGRC
22-03-2002,-0.003870610610402503,0,MGRC
25-03-2002,0.004533716454814263,1,MGRC
26-03-2002,-0.00870443069056881,1,MGRC
27-03-2002,-0.0009754921520580551,0,MGRC
28-03-2002,0.0009764446661668646,1,MGRC
01-04-2002,-0.008130167378792463,1,MGRC
02-04-2002,-0.014425640740534873,0,MGRC
03-04-2002,0.009647595496404815,0,MGRC
04-04-2002,0.0032945678181599547,1,MGRC
05-04-2002,-0.016420417026358103,0,MGRC
08-04-2002,0.010016276151508796,1,MGRC
09-04-2002,-0.006611483709861532,1,MGRC
10-04-2002,-0.0016637305167360728,1,MGRC
11-04-2002,-0.007707605232064707,0,MGRC
12-04-2002,0.0077672460088908934,0,MGRC
15-04-2002,0.005361931507180673,0,MGRC
16-04-2002,0.001333895841658661,1,MGRC
17-04-2002,-0.001664502988705352,0,MGRC
18-04-2002,0.00033293823163460523,0,MGRC
19-04-2002,0.0,1,MGRC
22-04-2002,-0.01666633308963472,1,MGRC
23-04-2002,-0.012881468806702046,1,MGRC
24-04-2002,-0.023007836319524633,1,MGRC
25-04-2002,-0.0685418649216043,1,MGRC
26-04-2002,-0.018867609899714477,1,MGRC
29-04-2002,-0.0038460236067797693,0,MGRC
30-04-2002,0.025096192956108654,0,MGRC
01-05-2002,0.04482096807329716,1,MGRC
02-05-2002,-0.0007204334542081359,1,MGRC
03-05-2002,-0.001804481285709203,1,MGRC
06-05-2002,-0.003252560400796356,1,MGRC
07-05-2002,-0.0014502656129516955,1,MGRC
08-05-2002,-0.0021782823146478947,1,MGRC
09-05-2002,-0.009461548083477322,0,MGRC
10-05-2002,0.0014693837894883544,1,MGRC
13-05-2002,-0.009537971094979891,0,MGRC
14-05-2002,0.0011112363933822866,1,MGRC
15-05-2002,-0.03810550350291442,0,MGRC
16-05-2002,0.017307235970881685,0,MGRC
17-05-2002,0.02079395748045565,1,MGRC
20-05-2002,-0.01074061916025415,1,MGRC
21-05-2002,-0.0041183085300684485,0,MGRC
22-05-2002,0.013158404495503317,0,MGRC
23-05-2002,0.003339141079414576,0,MGRC
24-05-2002,0.004067798090258812,0,MGRC
28-05-2002,0.00736698177264028,0,MGRC
29-05-2002,0.004022307107788281,1,MGRC
30-05-2002,-0.004370420248874685,0,MGRC
31-05-2002,0.0,1,MGRC
03-06-2002,-0.049012429943994684,0,MGRC
04-06-2002,0.00730769135958953,1,MGRC
05-06-2002,-0.0015274934983799948,1,MGRC
06-06-2002,-0.016826262901715072,1,MGRC
07-06-2002,-0.008167965081929629,0,MGRC
10-06-2002,0.019215823642732666,1,MGRC
11-06-2002,-0.0007695268409313449,0,MGRC
12-06-2002,0.00038512467940643447,0,MGRC
13-06-2002,0.0007700177511131834,1,MGRC
14-06-2002,-0.003461602882623538,0,MGRC
17-06-2002,0.001543479902408773,1,MGRC
18-06-2002,-0.0138727059862076,1,MGRC
19-06-2002,-0.012895466339368666,0,MGRC
20-06-2002,0.007125823489958272,0,MGRC
21-06-2002,0.00589609381878442,0,MGRC
24-06-2002,0.0023446002846370106,1,MGRC
25-06-2002,-0.0019491208571975616,1,MGRC
26-06-2002,-0.0035153614648338882,1,MGRC
27-06-2002,-0.0003925319620654566,0,MGRC
28-06-2002,0.01647065873507314,1,MGRC
01-07-2002,-0.05671258361142806,0,MGRC
02-07-2002,0.010224808794012885,1,MGRC
03-07-2002,-0.00404871928831807,0,MGRC
05-07-2002,0.0,0,MGRC
08-07-2002,0.0,0,MGRC
09-07-2002,0.0008132824338193956,1,MGRC
10-07-2002,-0.012185418286697614,0,MGRC
11-07-2002,0.012013319899512709,1,MGRC
12-07-2002,-0.003274615708068085,0,MGRC
15-07-2002,0.005749696780979807,1,MGRC
16-07-2002,-0.0016335353263293717,0,MGRC
17-07-2002,0.0012270191534813346,1,MGRC
18-07-2002,-0.019199422475857153,1,MGRC
19-07-2002,-0.004997811622727277,1,MGRC
22-07-2002,-0.0012558514365802464,1,MGRC
23-07-2002,-0.015087904017371812,1,MGRC
24-07-2002,-0.013617324728958269,1,MGRC
25-07-2002,-0.05737699353266934,1,MGRC
26-07-2002,-0.007322244818243395,1,MGRC
29-07-2002,-0.020747465092340933,1,MGRC
30-07-2002,-0.009416183091257913,1,MGRC
31-07-2002,-0.06368790296977234,0,MGRC
01-08-2002,0.020304618999349433,0,MGRC
02-08-2002,0.006964928732792197,1,MGRC
05-08-2002,-0.004446815594169484,0,MGRC
06-08-2002,0.004963021811041468,1,MGRC
07-08-2002,-0.007407230424506972,1,MGRC
08-08-2002,-0.014925513609563401,1,MGRC
09-08-2002,-0.04949507290760813,0,MGRC
12-08-2002,0.006907570546806685,1,MGRC
13-08-2002,-0.0026385184647260695,0,MGRC
14-08-2002,0.0,1,MGRC
15-08-2002,-0.005291174481469985,0,MGRC
16-08-2002,0.010638728912820028,0,MGRC
19-08-2002,0.00789437047871644,1,MGRC
20-08-2002,-0.0062664496488847865,0,MGRC
21-08-2002,0.008933568657520707,0,MGRC
22-08-2002,0.0,1,MGRC
23-08-2002,-0.0015630555949386338,0,MGRC
26-08-2002,0.006782068699066057,1,MGRC
27-08-2002,-0.002590842791583614,0,MGRC
28-08-2002,0.0,0,MGRC
29-08-2002,0.00259757269407368,0,MGRC
30-08-2002,0.001036406511110366,1,MGRC
03-09-2002,-0.003623493890033358,0,MGRC
04-09-2002,0.007272646945534422,0,MGRC
05-09-2002,0.005673606514079443,0,MGRC
06-09-2002,0.018974458872489164,0,MGRC
09-09-2002,0.015600685934426428,0,MGRC
10-09-2002,0.019821827463133657,1,MGRC
11-09-2002,-0.007288536887047892,0,MGRC
12-09-2002,0.004894918312045693,0,MGRC
13-09-2002,0.015586232473908002,1,MGRC
16-09-2002,-0.023501028092193676,0,MGRC
17-09-2002,0.007367377461784841,0,MGRC
18-09-2002,0.002437832058299616,1,MGRC
19-09-2002,-0.018482417637448068,1,MGRC
20-09-2002,-0.00247769732271641,0,MGRC
23-09-2002,0.005961459965129867,0,MGRC
24-09-2002,0.0,0,MGRC
25-09-2002,0.010863982048569198,0,MGRC
26-09-2002,0.0009772508850585115,1,MGRC
27-09-2002,-0.009272981212843479,0,MGRC
30-09-2002,0.003448402979709053,0,MGRC
01-10-2002,0.007854988569070409,1,MGRC
02-10-2002,-0.0014617954070300643,0,MGRC
03-10-2002,0.009756411475110527,0,MGRC
04-10-2002,0.0028986916136979346,1,MGRC
07-10-2002,-0.01252453048836788,0,MGRC
08-10-2002,0.024390620360379867,1,MGRC
09-10-2002,-0.022380803302619157,0,MGRC
10-10-2002,0.018672915490024478,0,MGRC
11-10-2002,0.013024828394007315,0,MGRC
14-10-2002,0.007618991024200161,0,MGRC
15-10-2002,0.00897898300618527,1,MGRC
16-10-2002,-0.011241059687685073,0,MGRC
17-10-2002,0.008052996550029778,1,MGRC
18-10-2002,-0.015507094401720156,0,MGRC
21-10-2002,0.021956475814180365,1,MGRC
22-10-2002,-0.007005789443578103,0,MGRC
23-10-2002,0.01881492620891234,1,MGRC
24-10-2002,-0.004616846413721398,0,MGRC
25-10-2002,0.01762502063745397,1,MGRC
28-10-2002,-0.006381143172049741,0,MGRC
29-10-2002,0.0,0,MGRC
30-10-2002,0.0022934089764490295,0,MGRC
31-10-2002,0.00457693015761329,1,MGRC
01-11-2002,-0.0022778118490670574,0,MGRC
04-11-2002,0.0022830121211281362,1,MGRC
05-11-2002,-0.0068338135570668035,0,MGRC
06-11-2002,0.0036694695867540705,1,MGRC
07-11-2002,-0.0004562767288022185,0,MGRC
08-11-2002,0.0009137288095082408,0,MGRC
11-11-2002,0.004111664863796882,0,MGRC
12-11-2002,0.016833287480396697,1,MGRC
13-11-2002,-0.004026817233625413,0,MGRC
14-11-2002,0.010332510782973925,1,MGRC
15-11-2002,-0.004446536380440236,1,MGRC
18-11-2002,-0.024117814082081912,0,MGRC
19-11-2002,0.016933745396791933,0,MGRC
20-11-2002,0.012601542255566534,0,MGRC
21-11-2002,0.002221910489001777,1,MGRC
22-11-2002,-0.0013303673456411813,1,MGRC
25-11-2002,-0.0017762597959567472,0,MGRC
26-11-2002,0.006672771544331102,0,MGRC
27-11-2002,0.01634993134089191,0,MGRC
29-11-2002,0.020869124534150796,1,MGRC
02-12-2002,-0.006387665120401231,0,MGRC
03-12-2002,0.0012856036785593439,1,MGRC
04-12-2002,-0.003853066728972343,1,MGRC
05-12-2002,-0.0077347995378888035,0,MGRC
06-12-2002,0.0025981487318869068,1,MGRC
09-12-2002,-0.02505381788147898,0,MGRC
10-12-2002,0.005316238824814468,0,MGRC
11-12-2002,0.011459519818715291,1,MGRC
12-12-2002,-0.0004357266023093942,1,MGRC
13-12-2002,-0.01961667845917603,0,MGRC
16-12-2002,0.021342887633645224,0,MGRC
17-12-2002,0.0008705501342236577,1,MGRC
18-12-2002,-0.00869930081640713,0,MGRC
19-12-2002,0.0065820779528495965,0,MGRC
20-12-2002,0.023974975815167943,0,MGRC
23-12-2002,0.00042620467107035154,0,MGRC
24-12-2002,0.0,1,MGRC
26-12-2002,-0.0012770806776033483,1,MGRC
27-12-2002,-0.009373392106790557,1,MGRC
30-12-2002,-0.0021505936597777664,1,MGRC
31-12-2002,-0.002155157152299969,0,MGRC
02-01-2003,0.019006344599742597,0,MGRC
03-01-2003,0.007630509742474922,0,MGRC
06-01-2003,0.002944867544490748,1,MGRC
07-01-2003,-0.007969672463327915,1,MGRC
08-01-2003,-0.005497139863592793,0,MGRC
09-01-2003,0.005527525444058323,1,MGRC
10-01-2003,-0.0021144302956167538,0,MGRC
13-01-2003,0.007685849953932289,0,MGRC
14-01-2003,0.006356116558483338,0,MGRC
15-01-2003,0.0,1,MGRC
16-01-2003,-0.006315971507402152,0,MGRC
17-01-2003,0.02542383821433658,1,MGRC
21-01-2003,-0.009090781652068336,0,MGRC
22-01-2003,0.0008337730769241158,1,MGRC
23-01-2003,-0.0070829167998121,1,MGRC
24-01-2003,-0.007553333061975365,1,MGRC
27-01-2003,-0.008034045781763921,0,MGRC
28-01-2003,0.0012782053320445907,0,MGRC
29-01-2003,0.0025548297794357744,1,MGRC
30-01-2003,-0.011889662433360315,1,MGRC
31-01-2003,-0.009454452707885586,1,MGRC
03-02-2003,-0.0364424427782839,0,MGRC
04-02-2003,0.019811285290026737,1,MGRC
05-02-2003,-0.007064252921499481,1,MGRC
06-02-2003,-0.017341333781463852,1,MGRC
07-02-2003,-0.009502150871514847,0,MGRC
10-02-2003,0.03289227649111437,1,MGRC
11-02-2003,-0.02697972148949923,0,MGRC
12-02-2003,0.017727201513086044,0,MGRC
13-02-2003,0.02724446764079569,1,MGRC
14-02-2003,-0.0008695855145167686,1,MGRC
18-02-2003,-0.01000825624885382,1,MGRC
19-02-2003,-0.03560466841616572,1,MGRC
20-02-2003,-0.0059252004615261145,0,MGRC
21-02-2003,0.020631968912887322,0,MGRC
24-02-2003,0.0017978758993633104,0,MGRC
25-02-2003,0.024663172779344933,0,MGRC
26-02-2003,0.0013132654003287225,0,MGRC
27-02-2003,0.002622222283001685,1,MGRC
28-02-2003,-0.01482125867848727,0,MGRC
03-03-2003,0.004867114738910772,0,MGRC
04-03-2003,0.011889059902504107,0,MGRC
05-03-2003,0.000870342351618536,1,MGRC
06-03-2003,-0.0026086133429716885,1,MGRC
07-03-2003,-0.0017440068697819333,1,MGRC
10-03-2003,-0.026200268853837416,0,MGRC
11-03-2003,0.004932442551577543,1,MGRC
12-03-2003,-0.00044642345369938496,0,MGRC
13-03-2003,0.004464537448350736,0,MGRC
14-03-2003,0.013777694892587178,0,MGRC
17-03-2003,0.0,0,MGRC
18-03-2003,0.008329621220051875,0,MGRC
19-03-2003,0.013043281515726646,0,MGRC
20-03-2003,0.007296344399499333,0,MGRC
21-03-2003,0.0046866980193764896,1,MGRC
24-03-2003,-0.010601581060296406,1,MGRC
25-03-2003,-0.0025722076353202894,1,MGRC
26-03-2003,-0.010313948408602447,1,MGRC
27-03-2003,-0.01215748222031332,1,MGRC
28-03-2003,-0.007033634871343897,0,MGRC
31-03-2003,0.0004430122382768076,1,MGRC
01-04-2003,-0.0013271365802285384,0,MGRC
02-04-2003,0.00443010516063902,0,MGRC
03-04-2003,0.0044110017453102834,0,MGRC
04-04-2003,0.006587879326141355,0,MGRC
07-04-2003,0.013961716055898021,0,MGRC
08-04-2003,0.0004301254478229488,1,MGRC
09-04-2003,-0.0176340068643156,0,MGRC
10-04-2003,0.015761102367961577,0,MGRC
11-04-2003,0.0017395111509437289,1,MGRC
14-04-2003,-0.0017366322259645406,0,MGRC
15-04-2003,0.004348352596248883,1,MGRC
16-04-2003,-0.004329526289367891,1,MGRC
17-04-2003,-0.0017385176347528564,0,MGRC
21-04-2003,0.009145957313793529,0,MGRC
22-04-2003,0.009063701051191142,0,MGRC
23-04-2003,0.00470482193272681,1,MGRC
24-04-2003,-0.005959965396170719,0,MGRC
25-04-2003,0.0004283941038372152,0,MGRC
28-04-2003,0.010274190407885575,0,MGRC
29-04-2003,0.0275424694672608,0,MGRC
30-04-2003,0.020618140263299223,1,MGRC
01-05-2003,-0.010504774015760443,0,MGRC
02-05-2003,0.015924643699113394,1,MGRC
05-05-2003,-0.0084410136303249,0,MGRC
06-05-2003,0.019457319370838055,1,MGRC
07-05-2003,-0.013120796718888772,1,MGRC
08-05-2003,-0.005237965624169116,0,MGRC
09-05-2003,0.0012147039081527033,0,MGRC
12-05-2003,0.01739496031971166,0,MGRC
13-05-2003,0.0,1,MGRC
14-05-2003,-0.0039759734331829,0,MGRC
15-05-2003,0.00039899548552435604,1,MGRC
16-05-2003,-0.0023941256265450628,0,MGRC
19-05-2003,0.0,0,MGRC
20-05-2003,0.000799652319399824,0,MGRC
21-05-2003,0.0039966982378640825,0,MGRC
22-05-2003,0.01353565486403574,0,MGRC
23-05-2003,0.0015710500995052001,0,MGRC
27-05-2003,0.013725189534779858,1,MGRC
28-05-2003,-0.011217958130780747,0,MGRC
29-05-2003,0.011345228428273346,0,MGRC
30-05-2003,0.0019346904144814658,0,MGRC
02-06-2003,0.002315783979676578,0,MGRC
03-06-2003,0.007319328602032327,0,MGRC
04-06-2003,0.011472285958878281,0,MGRC
05-06-2003,0.006804990614497797,0,MGRC
06-06-2003,0.011266668583538308,1,MGRC
09-06-2003,-0.0018578274858195298,0,MGRC
10-06-2003,0.006324726252257218,0,MGRC
11-06-2003,0.003696820743817053,0,MGRC
12-06-2003,0.004051759574912772,0,MGRC
13-06-2003,0.0025674975768381625,1,MGRC
16-06-2003,-0.01390395089337182,1,MGRC
17-06-2003,-0.001854693578462685,1,MGRC
18-06-2003,-0.004832947970809465,1,MGRC
19-06-2003,-0.007845124937626013,1,MGRC
20-06-2003,-0.007153120231368382,1,MGRC
23-06-2003,-0.014410302589979995,1,MGRC
24-06-2003,-0.0003851928404636773,1,MGRC
25-06-2003,-0.003849076679708019,0,MGRC
26-06-2003,0.017001856431739792,0,MGRC
27-06-2003,0.01557721809755308,0,MGRC
30-06-2003,0.0,0,MGRC
01-07-2003,0.02095024264691725,0,MGRC
02-07-2003,0.008428432328098534,1,MGRC
03-07-2003,-0.0167152039723667,0,MGRC
07-07-2003,0.02512921658690348,1,MGRC
08-07-2003,-0.009012547671735982,0,MGRC
09-07-2003,0.006911720146482336,1,MGRC
10-07-2003,-0.01083804212771089,0,MGRC
11-07-2003,0.020235478641222437,0,MGRC
14-07-2003,0.0003607235417582011,1,MGRC
15-07-2003,-0.00793095301137614,0,MGRC
16-07-2003,0.004723659166289806,1,MGRC
17-07-2003,-0.014466472340802117,1,MGRC
18-07-2003,-0.012477071029759812,1,MGRC
21-07-2003,-0.0040875461196498986,0,MGRC
22-07-2003,0.006716829670425417,1,MGRC
23-07-2003,-0.008154477949720906,1,MGRC
24-07-2003,-0.0018687530452177192,0,MGRC
25-07-2003,0.0029952631227978532,0,MGRC
28-07-2003,0.0014934011403351377,0,MGRC
29-07-2003,0.009317452845375662,0,MGRC
30-07-2003,0.0018467307443592595,0,MGRC
31-07-2003,0.00073710364325974,1,MGRC
01-08-2003,-0.014732766469898295,1,MGRC
04-08-2003,-0.010093498621691621,1,MGRC
05-08-2003,-0.007552828301745862,0,MGRC
06-08-2003,0.0022828949510638186,0,MGRC
07-08-2003,0.015565891400368237,0,MGRC
08-08-2003,0.008598288909123397,0,MGRC
11-08-2003,0.0007412014985017645,0,MGRC
12-08-2003,0.0,1,MGRC
13-08-2003,-0.014444795125751253,0,MGRC
14-08-2003,0.02555413125619377,1,MGRC
15-08-2003,-0.0003660645131098317,0,MGRC
18-08-2003,0.006597990375465157,0,MGRC
19-08-2003,0.0014566093887091736,0,MGRC
20-08-2003,0.0,0,MGRC
21-08-2003,0.01854558231433523,1,MGRC
22-08-2003,-0.01785090420997215,1,MGRC
25-08-2003,-0.02326427681175569,1,MGRC
26-08-2003,-0.0044655380742369966,0,MGRC
27-08-2003,0.040747509129903436,0,MGRC
28-08-2003,0.0010775454318419087,1,MGRC
29-08-2003,-0.006099401969244744,0,MGRC
02-09-2003,0.014801113438966729,0,MGRC
03-09-2003,0.02276752907516766,0,MGRC
04-09-2003,0.0,1,MGRC
05-09-2003,-0.017043400183703872,0,MGRC
08-09-2003,0.020523622134396513,1,MGRC
09-09-2003,-0.010055437076249119,1,MGRC
10-09-2003,-0.03257433832647949,0,MGRC
11-09-2003,0.014844106835133264,0,MGRC
12-09-2003,0.008919142696569349,1,MGRC
15-09-2003,-0.0024754980366680224,0,MGRC
16-09-2003,0.0014183433946781676,1,MGRC
17-09-2003,-0.0028318659209416452,0,MGRC
18-09-2003,0.001774640555605389,0,MGRC
19-09-2003,0.006732790447999237,1,MGRC
22-09-2003,-0.016190988194387246,0,MGRC
23-09-2003,0.0,0,MGRC
24-09-2003,0.019677943727303804,1,MGRC
25-09-2003,-0.01824560334026948,1,MGRC
26-09-2003,-0.002502155312727128,0,MGRC
29-09-2003,0.015765410817114134,1,MGRC
30-09-2003,-0.012346009310442718,0,MGRC
01-10-2003,0.026785629530536426,0,MGRC
02-10-2003,0.0003479257323999452,0,MGRC
03-10-2003,0.008344833843225263,0,MGRC
06-10-2003,0.0,1,MGRC
07-10-2003,-0.0010347791068507917,1,MGRC
08-10-2003,-0.004141837515506119,0,MGRC
09-10-2003,0.005545717848571607,0,MGRC
10-10-2003,0.006595030280155623,0,MGRC
13-10-2003,0.008275662879986267,0,MGRC
14-10-2003,0.0,1,MGRC
15-10-2003,-0.00034127810411421766,1,MGRC
16-10-2003,-0.00855325662379891,1,MGRC
17-10-2003,-0.016563079615592335,0,MGRC
20-10-2003,0.0,1,MGRC
21-10-2003,-0.009122821046891438,1,MGRC
22-10-2003,-0.02549615854640641,0,MGRC
23-10-2003,0.01199132969173533,1,MGRC
24-10-2003,-0.012567020119645944,0,MGRC
27-10-2003,0.045454465644078956,0,MGRC
28-10-2003,0.013565128324788178,0,MGRC
29-10-2003,0.021276701511427243,1,MGRC
30-10-2003,-0.019825543266807966,1,MGRC
31-10-2003,-0.022968398505587517,0,MGRC
03-11-2003,0.017543669420681196,1,MGRC
04-11-2003,-0.011034476175126318,1,MGRC
05-11-2003,-0.006275971467428643,0,MGRC
06-11-2003,0.008421413114475973,0,MGRC
07-11-2003,0.0031312089215036476,1,MGRC
10-11-2003,-0.02011804866316802,1,MGRC
11-11-2003,-0.0038938203548627426,0,MGRC
12-11-2003,0.008528578545457188,0,MGRC
13-11-2003,0.00387632509635516,1,MGRC
14-11-2003,-0.011232227729120803,1,MGRC
17-11-2003,-0.015619629249063904,1,MGRC
18-11-2003,-0.01586677679215598,0,MGRC
19-11-2003,0.01172589555791581,1,MGRC
20-11-2003,-0.014125685936607568,0,MGRC
21-11-2003,0.024246855746989926,0,MGRC
24-11-2003,0.0035871088535361917,0,MGRC
25-11-2003,0.000714443328997616,1,MGRC
26-11-2003,-0.004285668956618194,1,MGRC
28-11-2003,-0.019727366795620038,1,MGRC
01-12-2003,-0.0043904969932822,0,MGRC
02-12-2003,0.019477979041223614,1,MGRC
03-12-2003,-0.02703711646175866,0,MGRC
04-12-2003,0.0251949691640474,1,MGRC
05-12-2003,-0.016986127726178135,0,MGRC
08-12-2003,0.020220668728261337,1,MGRC
09-12-2003,-0.018018172685755007,1,MGRC
10-12-2003,-0.0018347839214714057,0,MGRC
11-12-2003,0.020220668728261337,0,MGRC
12-12-2003,0.0,1,MGRC
15-12-2003,-0.01981989715368826,0,MGRC
16-12-2003,0.013970439432079207,1,MGRC
17-12-2003,-0.01341508577972661,0,MGRC
18-12-2003,0.009922181543116748,1,MGRC
19-12-2003,-0.002911061000966386,0,MGRC
22-12-2003,0.002555129002353107,0,MGRC
23-12-2003,0.0010920300438921338,1,MGRC
24-12-2003,-0.002545485660895075,1,MGRC
26-12-2003,-0.0065623224652898715,0,MGRC
29-12-2003,0.010275829497872646,1,MGRC
30-12-2003,-0.01017131084189149,0,MGRC
31-12-2003,0.0,0,MGRC
02-01-2004,0.02018380442895018,1,MGRC
05-01-2004,-0.016186932068450788,1,MGRC
06-01-2004,-0.00036627402452171776,0,MGRC
07-01-2004,0.012802152860285965,0,MGRC
08-01-2004,0.00036142795313320875,0,MGRC
09-01-2004,0.0010824975886392085,0,MGRC
12-01-2004,0.0014428141667193195,0,MGRC
13-01-2004,0.015596665478128546,0,MGRC
14-01-2004,0.008928602001005759,0,MGRC
15-01-2004,0.0,1,MGRC
16-01-2004,-0.0014160109353104078,1,MGRC
20-01-2004,-0.01098910809252951,0,MGRC
21-01-2004,0.019713171736137847,0,MGRC
22-01-2004,0.009138752218552648,0,MGRC
23-01-2004,0.0254269050503948,1,MGRC
26-01-2004,-0.006453770682716464,1,MGRC
27-01-2004,-0.004444018575416431,0,MGRC
28-01-2004,0.012705648346170717,0,MGRC
29-01-2004,0.0003395239836903041,0,MGRC
30-01-2004,0.00033843374509445745,1,MGRC
02-02-2004,-0.00033831924644478484,0,MGRC
03-02-2004,0.0010167095703299545,1,MGRC
04-02-2004,-0.01794831530204677,0,MGRC
05-02-2004,0.00034537106892451597,0,MGRC
06-02-2004,0.022750487142178644,1,MGRC
09-02-2004,-0.0026963744303608594,0,MGRC
10-02-2004,0.002365611953452529,0,MGRC
11-02-2004,0.011463321444295183,0,MGRC
12-02-2004,0.017666596677797575,1,MGRC
13-02-2004,-0.017359906216309673,0,MGRC
17-02-2004,0.0066668392419595435,0,MGRC
18-02-2004,0.006953593677743397,1,MGRC
19-02-2004,-0.01315390678366879,0,MGRC
20-02-2004,0.0246586543141063,1,MGRC
23-02-2004,-0.014634239624722212,1,MGRC
24-02-2004,-0.01023111506940455,0,MGRC
25-02-2004,0.022341144722186845,1,MGRC
26-02-2004,-0.005218826843832458,1,MGRC
27-02-2004,-0.0006555137814542311,0,MGRC
01-03-2004,0.013779327559085175,1,MGRC
02-03-2004,-0.00711948156662745,1,MGRC
03-03-2004,-0.016949505650269203,0,MGRC
04-03-2004,0.010610377789339598,0,MGRC
05-03-2004,0.0016402788054565853,0,MGRC
08-03-2004,0.001310576614979686,1,MGRC
09-03-2004,-0.013084744479861965,1,MGRC
10-03-2004,-0.004972032976554797,0,MGRC
11-03-2004,0.0009996310201154657,0,MGRC
12-03-2004,0.014642040673599643,1,MGRC
15-03-2004,-0.0216465893467378,0,MGRC
16-03-2004,0.0211196406090286,0,MGRC
17-03-2004,0.014116983228875668,1,MGRC
18-03-2004,-0.009388357484898968,1,MGRC
19-03-2004,-0.024509684123676934,1,MGRC
22-03-2004,-0.001675219059489863,0,MGRC
23-03-2004,0.01946330490108772,1,MGRC
24-03-2004,-0.020408343600411993,0,MGRC
25-03-2004,0.022849928286914123,0,MGRC
26-03-2004,0.00525580928029723,1,MGRC
29-03-2004,-0.0032680066214445525,1,MGRC
30-03-2004,-0.001639203580094395,0,MGRC
31-03-2004,0.001313809854413428,0,MGRC
01-04-2004,0.0016394262249288527,0,MGRC
02-04-2004,0.03176156064131952,1,MGRC
05-04-2004,-0.0022214687617555517,0,MGRC
06-04-2004,0.005089354418014613,0,MGRC
07-04-2004,0.004430888874010774,0,MGRC
08-04-2004,0.0009444534504270408,0,MGRC
12-04-2004,0.0015740791968654744,0,MGRC
13-04-2004,1.0043490306088643e-07,0,MGRC
14-04-2004,0.013924193148753705,1,MGRC
15-04-2004,-0.022784477349842125,0,MGRC
16-04-2004,0.030341942243947262,0,MGRC
19-04-2004,0.0,0,MGRC
20-04-2004,0.007439112044541618,1,MGRC
21-04-2004,-0.007691984683997566,0,MGRC
22-04-2004,0.007442206870598378,0,MGRC
23-04-2004,0.0003071174468303184,0,MGRC
26-04-2004,0.015385043558421518,0,MGRC
27-04-2004,0.00545460648134144,1,MGRC
28-04-2004,-0.013260850580317785,1,MGRC
29-04-2004,-0.006414468853265798,1,MGRC
30-04-2004,-0.042115077027424896,0,MGRC
03-05-2004,0.016688025269355755,1,MGRC
04-05-2004,-0.0006311422412281775,0,MGRC
05-05-2004,0.0060014423189698185,1,MGRC
06-05-2004,-0.007221186451655925,0,MGRC
07-05-2004,0.004111210657189446,1,MGRC
10-05-2004,-0.023622440788959365,0,MGRC
11-05-2004,0.003226059426408412,1,MGRC
12-05-2004,-0.003215685434101445,1,MGRC
13-05-2004,-0.019676904686534602,0,MGRC
14-05-2004,0.0009871079647771897,0,MGRC
17-05-2004,0.01906592860289913,0,MGRC
18-05-2004,0.006452118852816602,1,MGRC
19-05-2004,-0.05416703202000761,0,MGRC
20-05-2004,0.01728254426033171,0,MGRC
21-05-2004,0.012657862508647977,0,MGRC
24-05-2004,0.029276533620334444,0,MGRC
25-05-2004,0.022690995383821688,0,MGRC
26-05-2004,0.0006249298305260886,0,MGRC
27-05-2004,0.01436599523462756,1,MGRC
28-05-2004,-0.040948421590365935,0,MGRC
01-06-2004,0.04622794693826471,0,MGRC
02-06-2004,0.01196702968166119,0,MGRC
03-06-2004,0.0021225971381459985,0,MGRC
04-06-2004,0.028139047773424908,1,MGRC
07-06-2004,-0.02207199297629503,1,MGRC
08-06-2004,-0.0015043526995065504,1,MGRC
09-06-2004,-0.003616899961002562,0,MGRC
10-06-2004,0.005747202574322596,1,MGRC
14-06-2004,-0.003909479298935592,0,MGRC
15-06-2004,0.04076083961972987,0,MGRC
16-06-2004,0.013925060634413233,1,MGRC
17-06-2004,-0.02746772362447092,1,MGRC
18-06-2004,-0.0005885289791461856,0,MGRC
21-06-2004,0.015896276434233858,0,MGRC
22-06-2004,0.04723249302553589,0,MGRC
23-06-2004,0.0011071220254490477,1,MGRC
24-06-2004,-0.02072985736841282,1,MGRC
25-06-2004,-0.018627626008500986,0,MGRC
28-06-2004,0.0057518015569131276,0,MGRC
29-06-2004,0.036030823690039515,0,MGRC
30-06-2004,0.019872463382168748,0,MGRC
01-07-2004,0.008119459905174375,0,MGRC
02-07-2004,0.0016108130490681827,1,MGRC
06-07-2004,-0.033771141414357886,1,MGRC
07-07-2004,-0.009708748120844879,1,MGRC
08-07-2004,-0.05238089396071388,0,MGRC
09-07-2004,0.05675426965968544,0,MGRC
12-07-2004,0.0,0,MGRC
13-07-2004,0.01604280496030719,1,MGRC
14-07-2004,-0.021329377258024973,1,MGRC
15-07-2004,-0.04358945148862192,1,MGRC
16-07-2004,-0.015093081016222087,0,MGRC
19-07-2004,0.036057822171800424,1,MGRC
20-07-2004,-0.0069606725204376385,1,MGRC
21-07-2004,-0.02803739178698017,1,MGRC
22-07-2004,-0.02944743469083888,0,MGRC
23-07-2004,0.040867570789874685,1,MGRC
26-07-2004,-0.030339628433535548,0,MGRC
27-07-2004,0.042331474314982076,1,MGRC
28-07-2004,-0.026486288040494244,0,MGRC
29-07-2004,0.007255166382345912,1,MGRC
30-07-2004,-0.027910996672551813,1,MGRC
02-08-2004,-0.0172891537167702,1,MGRC
03-08-2004,-0.010367774360191762,1,MGRC
04-08-2004,-0.005396807436331419,1,MGRC
05-08-2004,-0.04979225791369535,0,MGRC
06-08-2004,0.017467253997727417,0,MGRC
09-08-2004,0.01023384901063551,0,MGRC
10-08-2004,0.047385971585280906,1,MGRC
11-08-2004,-0.009360481274707122,0,MGRC
12-08-2004,0.00188984516442825,0,MGRC
13-08-2004,0.0028290735272551437,0,MGRC
16-08-2004,0.00438910212510879,1,MGRC
17-08-2004,-0.0003122708975630273,1,MGRC
18-08-2004,-0.0015610543912040198,0,MGRC
19-08-2004,0.0006255163937667341,0,MGRC
20-08-2004,0.04656227868151985,0,MGRC
23-08-2004,0.023887909325948753,1,MGRC
24-08-2004,-0.008457501109815357,0,MGRC
25-08-2004,0.0070589424945277646,1,MGRC
26-08-2004,-0.005548705358890738,0,MGRC
27-08-2004,0.0058733172445404325,1,MGRC
30-08-2004,-0.007007048398511961,0,MGRC
31-08-2004,0.008232761343035744,1,MGRC
01-09-2004,-0.0002919646794486974,0,MGRC
02-09-2004,0.0014587775271337478,1,MGRC
03-09-2004,-0.0014566525950632236,1,MGRC
07-09-2004,-0.0008749536713457129,1,MGRC
08-09-2004,-0.0072993541001769024,0,MGRC
09-09-2004,0.0,0,MGRC
10-09-2004,0.0,1,MGRC
13-09-2004,-0.00029389840744731277,1,MGRC
14-09-2004,-0.0017656720211557397,0,MGRC
15-09-2004,0.001179320705323894,0,MGRC
16-09-2004,0.001471810889153824,1,MGRC
17-09-2004,-0.004115032510546235,1,MGRC
20-09-2004,-0.006493598383941146,0,MGRC
21-09-2004,0.016339586625803593,1,MGRC
22-09-2004,-0.013738667054158937,0,MGRC
23-09-2004,0.01333753396458115,0,MGRC
24-09-2004,0.011991633542365543,0,MGRC
27-09-2004,0.0028902068716800677,0,MGRC
28-09-2004,0.017867023307812424,0,MGRC
29-09-2004,0.02151804309431249,0,MGRC
30-09-2004,0.013026512168545334,0,MGRC
01-10-2004,0.030095675768691432,1,MGRC
04-10-2004,-0.0069059249521862265,0,MGRC
05-10-2004,0.005082088428490561,0,MGRC
06-10-2004,0.01543356397074147,1,MGRC
07-10-2004,-0.004192804709034381,0,MGRC
08-10-2004,0.0065788567175841806,0,MGRC
11-10-2004,0.017516393658919327,1,MGRC
12-10-2004,-0.015673080312876286,1,MGRC
13-10-2004,-0.0015754593573475972,0,MGRC
14-10-2004,0.0031551485177663263,0,MGRC
15-10-2004,0.031979508072067064,1,MGRC
18-10-2004,-0.005587943233825388,0,MGRC
19-10-2004,0.011238687616071719,1,MGRC
20-10-2004,-0.0027785250338165923,0,MGRC
21-10-2004,0.009118597289927477,1,MGRC
22-10-2004,-0.019829528150147935,1,MGRC
25-10-2004,-0.0030725744839710245,0,MGRC
26-10-2004,0.009247502359122306,0,MGRC
27-10-2004,0.002799420320764856,1,MGRC
28-10-2004,-0.007360280434086874,1,MGRC
29-10-2004,-0.0046023906835989115,0,MGRC
01-11-2004,0.004109553507572583,0,MGRC
02-11-2004,0.006651675859687511,0,MGRC
03-11-2004,0.011181804604254664,0,MGRC
04-11-2004,0.06433737889195568,1,MGRC
05-11-2004,-0.0033058262503280478,1,MGRC
08-11-2004,-0.05543688999394114,0,MGRC
09-11-2004,0.03536468414680516,0,MGRC
10-11-2004,0.01356590914063549,0,MGRC
11-11-2004,0.0023900015395670327,0,MGRC
12-11-2004,0.009537660861567376,1,MGRC
15-11-2004,-0.007794249991667002,1,MGRC
16-11-2004,-0.03237326586053768,1,MGRC
17-11-2004,-0.009840332030006893,0,MGRC
18-11-2004,0.0014912254251482349,0,MGRC
19-11-2004,0.001736563050674711,0,MGRC
22-11-2004,0.01485887828481669,1,MGRC
23-11-2004,-0.02147469785398437,0,MGRC
24-11-2004,0.03690807657842465,0,MGRC
26-11-2004,0.014911408570467799,0,MGRC
29-11-2004,0.009478449688170132,1,MGRC
30-11-2004,-0.007981078572320888,0,MGRC
01-12-2004,0.0030758407580069314,0,MGRC
02-12-2004,0.05378629893433273,1,MGRC
03-12-2004,-0.014998659768323153,1,MGRC
06-12-2004,-0.011363584527284365,0,MGRC
07-12-2004,0.0011493262613697652,1,MGRC
08-12-2004,-0.0027550147526296254,1,MGRC
09-12-2004,-0.007368277923999744,1,MGRC
10-12-2004,-0.025747724128097893,0,MGRC
13-12-2004,0.034047338043353026,0,MGRC
14-12-2004,0.028781697029819808,0,MGRC
15-12-2004,0.008057485786481466,1,MGRC
16-12-2004,-0.027309399695511494,0,MGRC
17-12-2004,0.022141176297101772,0,MGRC
20-12-2004,0.01585557864948295,1,MGRC
21-12-2004,-0.009453312399355651,1,MGRC
22-12-2004,-0.0170881274105813,1,MGRC
23-12-2004,-0.007450803454708721,0,MGRC
27-12-2004,0.01728856815448032,1,MGRC
28-12-2004,-0.0026836367583897847,1,MGRC
29-12-2004,-0.011210502193652716,1,MGRC
30-12-2004,-0.006802632559563149,1,MGRC
31-12-2004,-0.004337983518583943,1,MGRC
03-01-2005,-0.010318348207091432,0,MGRC
04-01-2005,0.016913492675584285,0,MGRC
05-01-2005,0.007290768658590796,1,MGRC
06-01-2005,-0.004750044867288694,0,MGRC
07-01-2005,0.0011362657952491695,1,MGRC
10-01-2005,-0.0011349761606593844,0,MGRC
11-01-2005,0.0,0,MGRC
12-01-2005,0.010507215594282249,1,MGRC
13-01-2005,-0.014014515588196774,0,MGRC
14-01-2005,0.016735301090343713,1,MGRC
18-01-2005,-0.007891951183560453,0,MGRC
19-01-2005,0.014545977538085397,1,MGRC
20-01-2005,-0.016129499021933613,0,MGRC
21-01-2005,0.0015943126519579742,1,MGRC
24-01-2005,-0.03409888199096134,1,MGRC
25-01-2005,-0.00776667699951894,0,MGRC
26-01-2005,0.029412243618276657,1,MGRC
27-01-2005,-0.012212480304161666,1,MGRC
28-01-2005,-0.030091190919208977,0,MGRC
31-01-2005,0.033189244682791275,1,MGRC
01-02-2005,-0.0002325060953860536,1,MGRC
02-02-2005,-0.003259983522447496,1,MGRC
03-02-2005,-0.0035036021129051242,0,MGRC
04-02-2005,0.008673315855282082,0,MGRC
07-02-2005,0.023471812570101447,1,MGRC
08-02-2005,-0.005222308955638022,1,MGRC
09-02-2005,-0.012782319158186506,0,MGRC
10-02-2005,0.014335091613665751,0,MGRC
11-02-2005,0.005242331395691302,0,MGRC
14-02-2005,0.004082018499772744,1,MGRC
15-02-2005,-0.0024844958607238565,1,MGRC
16-02-2005,-0.015621242533105262,1,MGRC
17-02-2005,-0.028518317066559384,1,MGRC
18-02-2005,-0.017756384665868596,1,MGRC
22-02-2005,-0.0002410446823888357,1,MGRC
23-02-2005,-0.004580276136051165,0,MGRC
24-02-2005,0.03657056548197324,0,MGRC
25-02-2005,0.009812914858938093,1,MGRC
28-02-2005,-0.005090355341530461,0,MGRC
01-03-2005,0.013256268161023765,1,MGRC
02-03-2005,-0.03488637581150911,1,MGRC
03-03-2005,-0.0014268585114100008,0,MGRC
04-03-2005,0.011669055841290632,1,MGRC
07-03-2005,-0.004237173904979574,0,MGRC
08-03-2005,0.014893840838863248,1,MGRC
09-03-2005,-0.01537429282694125,1,MGRC
10-03-2005,-0.005677879236733685,0,MGRC
11-03-2005,0.009755042952732662,0,MGRC
14-03-2005,0.012959961355029526,0,MGRC
15-03-2005,0.0532683457937142,0,MGRC
16-03-2005,0.007066560686403767,0,MGRC
17-03-2005,0.03135953117066359,1,MGRC
18-03-2005,-0.004464860941274629,1,MGRC
21-03-2005,-0.004912759906312791,0,MGRC
22-03-2005,0.009229851760307994,1,MGRC
23-03-2005,-0.007230584188517408,0,MGRC
24-03-2005,0.01885151800810969,0,MGRC
28-03-2005,0.023969218874618115,1,MGRC
29-03-2005,-0.04147774352791678,0,MGRC
30-03-2005,0.015852294368983832,1,MGRC
31-03-2005,-0.01391817068476997,1,MGRC
01-04-2005,-0.03592825200326377,0,MGRC
04-04-2005,0.018190212628696578,0,MGRC
05-04-2005,0.022657358440797193,1,MGRC
06-04-2005,-0.03152946416403801,0,MGRC
07-04-2005,0.01803754483028075,1,MGRC
08-04-2005,-0.032410629438827554,1,MGRC
11-04-2005,-0.005806498592920373,0,MGRC
12-04-2005,0.026055492700169713,1,MGRC
13-04-2005,-0.03127734977519048,1,MGRC
14-04-2005,-0.009095147099442813,1,MGRC
15-04-2005,-0.006883757564380089,1,MGRC
18-04-2005,-0.017098304844757384,0,MGRC
19-04-2005,0.03855225779773841,1,MGRC
20-04-2005,-0.04345858442118378,0,MGRC
21-04-2005,0.058211006854911096,1,MGRC
22-04-2005,-0.05813958004127395,0,MGRC
25-04-2005,0.0313390990953315,1,MGRC
26-04-2005,-0.014272795296831453,0,MGRC
27-04-2005,0.021952326574056213,1,MGRC
28-04-2005,-0.006855656520800557,0,MGRC
29-04-2005,0.021629411786953323,1,MGRC
02-05-2005,-0.0004498968506172485,1,MGRC
03-05-2005,-0.010365771932612344,0,MGRC
04-05-2005,0.03142155700411209,0,MGRC
05-05-2005,0.004414854015160508,0,MGRC
06-05-2005,0.044834504235204076,1,MGRC
09-05-2005,-0.027765569691566183,1,MGRC
10-05-2005,-0.038511428746267895,1,MGRC
11-05-2005,-0.02565285168698639,1,MGRC
12-05-2005,-0.011085720629497864,1,MGRC
13-05-2005,-0.016814045653312792,0,MGRC
16-05-2005,0.007600519573011999,1,MGRC
17-05-2005,-0.0028287409792391305,0,MGRC
18-05-2005,0.07375876114907043,1,MGRC
19-05-2005,-0.007925774379026307,1,MGRC
20-05-2005,-0.0088773601060248,1,MGRC
23-05-2005,-0.005373860217830706,0,MGRC
24-05-2005,0.0162095216644651,1,MGRC
25-05-2005,-0.039876517263584765,0,MGRC
26-05-2005,0.02814941243254565,1,MGRC
27-05-2005,-0.00538578099253062,0,MGRC
31-05-2005,0.040162635873938646,0,MGRC
01-06-2005,0.015183611567129551,1,MGRC
02-06-2005,-0.035469055387112425,0,MGRC
03-06-2005,0.00044238384916273077,0,MGRC
06-06-2005,0.01638678580316877,1,MGRC
07-06-2005,-0.0074076921865926515,0,MGRC
08-06-2005,0.019753714180885673,0,MGRC
09-06-2005,0.0004306831721831994,1,MGRC
10-06-2005,-0.0017211236552115983,1,MGRC
13-06-2005,-0.0030171425913178007,0,MGRC
14-06-2005,0.004323036857636797,0,MGRC
15-06-2005,0.0,0,MGRC
16-06-2005,0.03745188023376489,1,MGRC
17-06-2005,-0.01452266712890049,0,MGRC
20-06-2005,0.02736847081074467,1,MGRC
21-06-2005,-0.02172143008666727,0,MGRC
22-06-2005,0.0004189406926404793,0,MGRC
23-06-2005,0.005025247992926696,1,MGRC
24-06-2005,-0.03666643514667334,1,MGRC
27-06-2005,-0.025519313547092137,0,MGRC
28-06-2005,0.07412354454048864,1,MGRC
29-06-2005,-0.009503918423237168,1,MGRC
30-06-2005,-0.011264527432023663,0,MGRC
01-07-2005,0.007594958242156391,0,MGRC
05-07-2005,0.010468936566122133,1,MGRC
06-07-2005,-0.01864900639781164,1,MGRC
07-07-2005,-0.05616553301880356,0,MGRC
08-07-2005,0.0,0,MGRC
11-07-2005,0.035794040649400616,0,MGRC
12-07-2005,0.01857499845437771,0,MGRC
13-07-2005,0.004692576341334576,1,MGRC
14-07-2005,-0.004670658917798498,0,MGRC
15-07-2005,0.01663813514314727,1,MGRC
18-07-2005,-0.005875385626557317,0,MGRC
19-07-2005,0.007175729971532929,0,MGRC
20-07-2005,0.053646636301288186,1,MGRC
21-07-2005,-0.005568251005706459,0,MGRC
22-07-2005,0.025599781485657003,1,MGRC
25-07-2005,-0.01131069926982442,0,MGRC
26-07-2005,0.007100654105385074,0,MGRC
27-07-2005,0.01057603639752891,1,MGRC
28-07-2005,-0.003100443026267441,0,MGRC
29-07-2005,0.010497123467416491,0,MGRC
01-08-2005,0.008464452537609857,1,MGRC
02-08-2005,-0.008011957949571102,1,MGRC
03-08-2005,-0.0053844847727136935,1,MGRC
04-08-2005,-0.027455677663974498,1,MGRC
05-08-2005,-0.05805183269174097,0,MGRC
08-08-2005,0.011397023180154342,1,MGRC
09-08-2005,-0.004173725166155107,1,MGRC
10-08-2005,-0.0033521476019948704,1,MGRC
11-08-2005,-0.0012617371044179038,1,MGRC
12-08-2005,-0.006315876648260943,1,MGRC
15-08-2005,-0.0016949954037676074,1,MGRC
16-08-2005,-0.0029708693463241787,0,MGRC
17-08-2005,0.004682654191312974,1,MGRC
18-08-2005,-0.001270968963119401,0,MGRC
19-08-2005,0.015273587106376052,0,MGRC
22-08-2005,0.023401982446532354,1,MGRC
23-08-2005,-0.02041685305232177,1,MGRC
24-08-2005,-0.012088505972899677,0,MGRC
25-08-2005,0.0,1,MGRC
26-08-2005,-0.032911158921021144,0,MGRC
29-08-2005,0.023996006785559132,0,MGRC
30-08-2005,0.0012786002073030822,0,MGRC
31-08-2005,0.048936164351250255,1,MGRC
01-09-2005,-0.004868383615096672,0,MGRC
02-09-2005,0.06441111703961688,0,MGRC
06-09-2005,0.00765961245232516,1,MGRC
07-09-2005,-0.0030405789391662053,0,MGRC
08-09-2005,0.0007629038110048558,0,MGRC
09-09-2005,0.03161881492540264,0,MGRC
12-09-2005,0.04062067857703533,1,MGRC
13-09-2005,-0.01951763361040937,1,MGRC
14-09-2005,-0.002533583623322455,0,MGRC
15-09-2005,0.01923118870807361,0,MGRC
16-09-2005,0.00889951707808656,1,MGRC
19-09-2005,-0.014820335294054243,0,MGRC
20-09-2005,0.0,1,MGRC
21-09-2005,-0.032592728202650356,0,MGRC
22-09-2005,0.01666044041672854,0,MGRC
23-09-2005,0.01711603792861105,0,MGRC
26-09-2005,0.012530965371214231,1,MGRC
27-09-2005,-0.007425399346185468,0,MGRC
28-09-2005,0.009618534784076038,1,MGRC
29-09-2005,-0.0003525620907965932,0,MGRC
30-09-2005,0.0,0,MGRC
03-10-2005,0.003529693673168799,1,MGRC
04-10-2005,-0.007034882825690425,1,MGRC
05-10-2005,-0.038611658565602114,0,MGRC
06-10-2005,0.0228445432641875,1,MGRC
07-10-2005,-0.008645387841951346,1,MGRC
10-10-2005,-0.012354591080578015,1,MGRC
11-10-2005,-0.00735852900196865,0,MGRC
12-10-2005,0.0059614514440853306,0,MGRC
13-10-2005,0.014814739930747445,0,MGRC
14-10-2005,0.01313845279414716,0,MGRC
17-10-2005,0.0057635509015152575,1,MGRC
18-10-2005,-0.02901125882017075,0,MGRC
19-10-2005,0.05311690114379641,1,MGRC
20-10-2005,-0.024518298113604398,1,MGRC
21-10-2005,-0.0017951994767030355,0,MGRC
24-10-2005,0.0341724489697981,1,MGRC
25-10-2005,-0.013217141000403054,1,MGRC
26-10-2005,-0.014099545535131264,1,MGRC
27-10-2005,-0.011440773165564577,0,MGRC
28-10-2005,0.01844454651361027,0,MGRC
31-10-2005,0.013849543937391129,1,MGRC
01-11-2005,-0.02241627546465408,0,MGRC
02-11-2005,0.009673914034828757,0,MGRC
03-11-2005,0.020581727792052806,0,MGRC
04-11-2005,0.0006954867474158188,1,MGRC
07-11-2005,-0.010076589969423955,1,MGRC
08-11-2005,-0.004914222589707307,0,MGRC
09-11-2005,0.014815041590598543,0,MGRC
10-11-2005,0.00660408181974681,1,MGRC
11-11-2005,-0.007251543686592643,0,MGRC
14-11-2005,0.0,1,MGRC
15-11-2005,-0.010086681283870358,0,MGRC
16-11-2005,0.0017566137839817308,0,MGRC
17-11-2005,0.01648543091302823,0,MGRC
18-11-2005,0.011732145863778687,0,MGRC
21-11-2005,0.004434217785029171,0,MGRC
22-11-2005,0.0027163504846088316,1,MGRC
23-11-2005,-0.009143418917287871,1,MGRC
25-11-2005,-0.007519101191902022,1,MGRC
28-11-2005,-0.012740658944683902,1,MGRC
29-11-2005,-0.009417155581285863,0,MGRC
30-11-2005,0.007745708959092212,0,MGRC
01-12-2005,0.03738693012854455,1,MGRC
02-12-2005,-0.0043787504477916794,1,MGRC
05-12-2005,-0.013193298427320421,1,MGRC
06-12-2005,-0.011313080421995303,1,MGRC
07-12-2005,-0.0034672563076043605,1,MGRC
08-12-2005,-0.029575660617277566,0,MGRC
09-12-2005,0.006095165917302081,1,MGRC
12-12-2005,-0.00962176904890688,0,MGRC
13-12-2005,0.003957920498152356,0,MGRC
14-12-2005,0.005734629206299857,1,MGRC
15-12-2005,-0.027084635565100323,1,MGRC
16-12-2005,-0.01135532575787368,0,MGRC
19-12-2005,0.004446012542511868,0,MGRC
20-12-2005,0.03209162137142685,0,MGRC
21-12-2005,0.013223542337980954,0,MGRC
22-12-2005,0.004585935224854953,0,MGRC
23-12-2005,0.008426599677719082,1,MGRC
27-12-2005,-0.026114093988398812,0,MGRC
28-12-2005,0.01573111792713444,1,MGRC
29-12-2005,-0.015487482513322992,1,MGRC
30-12-2005,-0.0060778422136020804,0,MGRC
03-01-2006,0.05395681191291435,0,MGRC
04-01-2006,0.005460514216565127,0,MGRC
05-01-2006,0.007807432285773741,0,MGRC
06-01-2006,0.016167392016646298,0,MGRC
09-01-2006,0.008949354084704542,0,MGRC
10-01-2006,0.0032848059664318807,0,MGRC
11-01-2006,0.009210284114308687,1,MGRC
12-01-2006,-0.022164111121559138,1,MGRC
13-01-2006,-0.005333178928361604,1,MGRC
17-01-2006,-0.02077811560475895,0,MGRC
18-01-2006,0.030117121034541672,0,MGRC
19-01-2006,0.019268679845322323,1,MGRC
20-01-2006,-0.036505811358829576,0,MGRC
23-01-2006,0.03890407382460648,0,MGRC
24-01-2006,0.001628105607967889,1,MGRC
25-01-2006,-0.00942782208913484,0,MGRC
26-01-2006,0.04725983395531985,0,MGRC
27-01-2006,0.015041676133985327,1,MGRC
30-01-2006,-0.020067955720391883,0,MGRC
31-01-2006,0.022684576565471515,0,MGRC
01-02-2006,0.01232320948553256,1,MGRC
02-02-2006,-0.02891048264313778,0,MGRC
03-02-2006,0.006267229523684081,1,MGRC
06-02-2006,-0.01899690572491275,1,MGRC
07-02-2006,-0.01555563007240901,1,MGRC
08-02-2006,-0.009674325598007627,1,MGRC
09-02-2006,-0.004558655939076339,0,MGRC
10-02-2006,0.015701211322184383,1,MGRC
13-02-2006,-0.005152536453708723,0,MGRC
14-02-2006,0.03269632565357705,0,MGRC
15-02-2006,0.03228862670339616,0,MGRC
16-02-2006,0.0036440110728543917,1,MGRC
17-02-2006,-0.013312984878044554,1,MGRC
21-02-2006,-0.0033731763578083163,1,MGRC
22-02-2006,-0.007692171850765317,1,MGRC
23-02-2006,-0.0006205037145974313,1,MGRC
24-02-2006,-0.1551350075960628,0,MGRC
27-02-2006,0.030113747074705266,1,MGRC
28-02-2006,-0.01889463429085314,0,MGRC
01-03-2006,0.01744191012610763,0,MGRC
02-03-2006,0.021428522365357194,1,MGRC
03-03-2006,-0.011188914198612787,1,MGRC
06-03-2006,-0.007779516250667418,1,MGRC
07-03-2006,-0.017106145552865604,0,MGRC
08-03-2006,0.002900513943531191,1,MGRC
09-03-2006,-0.007230423604086544,0,MGRC
10-03-2006,0.027312313103546648,0,MGRC
13-03-2006,0.0067357983392253296,0,MGRC
14-03-2006,0.04436566349954374,0,MGRC
15-03-2006,0.012137595647740973,0,MGRC
16-03-2006,0.0059963256298201095,0,MGRC
17-03-2006,0.006622197229068982,1,MGRC
20-03-2006,-0.0065786322289512755,1,MGRC
21-03-2006,-0.037086124045449864,0,MGRC
22-03-2006,0.025446656293930614,1,MGRC
23-03-2006,-0.0160963217884339,0,MGRC
24-03-2006,0.013633130051164288,0,MGRC
27-03-2006,0.008742528591213716,1,MGRC
28-03-2006,-0.002333679184188142,0,MGRC
29-03-2006,0.0033413779769746466,1,MGRC
30-03-2006,-0.009323664062228398,0,MGRC
31-03-2006,0.01041961366568156,1,MGRC
03-04-2006,-0.02528247501706926,1,MGRC
04-04-2006,-0.026280007785217996,0,MGRC
05-04-2006,0.004556763404305109,1,MGRC
06-04-2006,-0.030006921576977708,0,MGRC
07-04-2006,0.016906375434752707,1,MGRC
10-04-2006,-0.001768736441424057,1,MGRC
11-04-2006,-0.00748406733778284,1,MGRC
12-04-2006,-0.0025132096645543722,0,MGRC
13-04-2006,0.0017996727152569392,1,MGRC
17-04-2006,-0.002874412612206556,0,MGRC
18-04-2006,0.012252098360264752,1,MGRC
19-04-2006,-0.0071201120146811014,1,MGRC
20-04-2006,-0.02258851561167574,1,MGRC
21-04-2006,-0.019809343903661736,0,MGRC
24-04-2006,0.019835471049409747,1,MGRC
25-04-2006,-0.00697243553126059,1,MGRC
26-04-2006,-0.0025871414481979382,1,MGRC
27-04-2006,-0.00296342233272584,1,MGRC
28-04-2006,-0.0007440445975549492,1,MGRC
01-05-2006,-0.013015800481889439,1,MGRC
02-05-2006,-0.00037686585771468106,1,MGRC
03-05-2006,-0.005653517232352079,0,MGRC
04-05-2006,0.027672189428911587,0,MGRC
05-05-2006,0.06971593813956023,1,MGRC
08-05-2006,-0.010344613548169623,1,MGRC
09-05-2006,-0.002787595601488002,1,MGRC
10-05-2006,-0.0006987409405235789,1,MGRC
11-05-2006,-0.00069922952081658,1,MGRC
12-05-2006,-0.0007001436292823904,0,MGRC
15-05-2006,0.011554618164472341,1,MGRC
16-05-2006,-0.023537478780818022,1,MGRC
17-05-2006,-0.013470323516315719,1,MGRC
18-05-2006,-0.009701865177799585,1,MGRC
19-05-2006,-0.01923068874236078,1,MGRC
22-05-2006,-0.023677572019903947,1,MGRC
23-05-2006,-0.021219616671658725,1,MGRC
24-05-2006,-0.005419971395901224,0,MGRC
25-05-2006,0.030361626581119294,0,MGRC
26-05-2006,0.023045250028526088,1,MGRC
30-05-2006,-0.03655865187351015,0,MGRC
31-05-2006,0.017631228679266364,0,MGRC
01-06-2006,0.025989146007544317,0,MGRC
02-06-2006,0.0022023069005987495,1,MGRC
05-06-2006,-0.04395657547338172,0,MGRC
06-06-2006,0.033717134147688954,0,MGRC
07-06-2006,0.010748620883366033,0,MGRC
08-06-2006,0.015402088148561477,1,MGRC
09-06-2006,-0.0361148118634701,1,MGRC
12-06-2006,-0.00299695914020226,1,MGRC
13-06-2006,-0.00375805876826385,0,MGRC
14-06-2006,0.014333668755075468,0,MGRC
15-06-2006,0.06284915759662169,1,MGRC
16-06-2006,-0.00489877497169211,1,MGRC
19-06-2006,-0.03727118370539373,0,MGRC
20-06-2006,0.0007301640341330629,0,MGRC
21-06-2006,0.020073723114787834,1,MGRC
22-06-2006,-0.02325636708171186,0,MGRC
23-06-2006,0.0029305495558753503,0,MGRC
26-06-2006,0.02958383865170866,1,MGRC
27-06-2006,-0.03795704711688741,0,MGRC
28-06-2006,0.01585507525712604,0,MGRC
29-06-2006,0.01669731563516086,1,MGRC
30-06-2006,-0.007140122285363648,0,MGRC
03-07-2006,0.0,0,MGRC
05-07-2006,0.006831814885432053,1,MGRC
06-07-2006,-0.00035678130574368083,1,MGRC
07-07-2006,-0.03251165538263456,1,MGRC
10-07-2006,-0.006277503732178946,0,MGRC
11-07-2006,0.0022293137327891177,1,MGRC
12-07-2006,-0.023498611058430763,1,MGRC
13-07-2006,-0.0160429144994918,1,MGRC
14-07-2006,-0.016304603113114435,1,MGRC
17-07-2006,-0.006313899474175155,0,MGRC
18-07-2006,0.05361369051107179,0,MGRC
19-07-2006,0.03505493840556473,1,MGRC
20-07-2006,-0.054624761214878914,1,MGRC
21-07-2006,-0.03505426045903737,0,MGRC
24-07-2006,0.07185681722977888,0,MGRC
25-07-2006,0.029422299032791477,1,MGRC
26-07-2006,-0.020622097465655354,1,MGRC
27-07-2006,-0.017362526553655666,0,MGRC
28-07-2006,0.05601500040611551,1,MGRC
31-07-2006,-0.03809222309604676,1,MGRC
01-08-2006,-0.04367076252466384,0,MGRC
02-08-2006,0.019736631600237642,1,MGRC
03-08-2006,-0.05161274511937064,1,MGRC
04-08-2006,-0.02961206161651342,0,MGRC
07-08-2006,0.00412377945777842,1,MGRC
08-08-2006,-0.0049283859789958084,1,MGRC
09-08-2006,-0.010730454485280982,1,MGRC
10-08-2006,-0.03379197875836726,0,MGRC
11-08-2006,0.006476627231501331,1,MGRC
14-08-2006,-0.021021049593565544,1,MGRC
15-08-2006,-0.0052583540908062165,1,MGRC
16-08-2006,-0.0004405956262658606,0,MGRC
17-08-2006,0.015425117493531815,1,MGRC
18-08-2006,-0.0017361136122387988,1,MGRC
21-08-2006,-0.023477966762566527,1,MGRC
22-08-2006,-0.014247231597065424,1,MGRC
23-08-2006,-0.02529408397492794,0,MGRC
24-08-2006,0.006487147461006204,1,MGRC
25-08-2006,-0.008747851485329972,0,MGRC
28-08-2006,0.03344205048080373,0,MGRC
29-08-2006,0.006292483263691029,0,MGRC
30-08-2006,0.015631726928603706,0,MGRC
31-08-2006,0.002638393407771833,0,MGRC
01-09-2006,0.025877761754261597,0,MGRC
05-09-2006,0.022231034923388737,1,MGRC
06-09-2006,-0.017565648433868764,0,MGRC
07-09-2006,0.0008514915714730176,0,MGRC
08-09-2006,0.003828355914461845,0,MGRC
11-09-2006,0.010592976808300625,0,MGRC
12-09-2006,0.053668901054785945,0,MGRC
13-09-2006,0.016315121694140178,1,MGRC
14-09-2006,-0.010963091088139199,0,MGRC
15-09-2006,0.0178142702905717,0,MGRC
18-09-2006,0.0015561695155559274,1,MGRC
19-09-2006,-0.0007768172149913433,0,MGRC
20-09-2006,0.012825396304171122,1,MGRC
21-09-2006,-0.007674261263918236,1,MGRC
22-09-2006,-0.02088192827206181,0,MGRC
25-09-2006,0.04699848743349455,0,MGRC
26-09-2006,0.006412683221553195,0,MGRC
27-09-2006,0.0003744738026678629,1,MGRC
28-09-2006,-0.012738535933823347,1,MGRC
29-09-2006,-0.028462579150833833,1,MGRC
02-10-2006,-0.0046880937764915975,1,MGRC
03-10-2006,-0.00667143609489218,0,MGRC
04-10-2006,0.030422552003075864,0,MGRC
05-10-2006,0.031441642106047496,1,MGRC
06-10-2006,-0.032714023032653694,0,MGRC
09-10-2006,0.0026904745834808175,0,MGRC
10-10-2006,0.013798524996027073,1,MGRC
11-10-2006,-0.017391440255847934,0,MGRC
12-10-2006,0.037940345107913886,0,MGRC
13-10-2006,0.018276802414177284,1,MGRC
16-10-2006,-0.002563809910066217,0,MGRC
17-10-2006,0.00734456619063395,1,MGRC
18-10-2006,-0.0069264003949883746,0,MGRC
19-10-2006,0.011747123412392924,1,MGRC
20-10-2006,-0.00979679208160833,0,MGRC
23-10-2006,0.006229288954896939,1,MGRC
24-10-2006,-0.014566649786312613,0,MGRC
25-10-2006,0.018846930474930135,1,MGRC
26-10-2006,-0.0003625474259458805,1,MGRC
27-10-2006,-0.013425322257027195,0,MGRC
30-10-2006,0.03604307208162205,1,MGRC
31-10-2006,-0.04153393100399905,1,MGRC
01-11-2006,-0.03296267676883802,1,MGRC
02-11-2006,-0.014170769854003562,0,MGRC
03-11-2006,0.08702344826429154,1,MGRC
06-11-2006,-0.0035736357386725315,0,MGRC
07-11-2006,0.03550945006869144,0,MGRC
08-11-2006,0.047800139839204725,0,MGRC
09-11-2006,0.006942447911812977,0,MGRC
10-11-2006,0.026592405601676194,0,MGRC
13-11-2006,0.0012788842260205158,0,MGRC
14-11-2006,0.004471670750325174,0,MGRC
15-11-2006,0.015579648060246365,1,MGRC
16-11-2006,-0.0072006252497544,1,MGRC
17-11-2006,-0.0031535570932383905,0,MGRC
20-11-2006,0.002847037819807996,1,MGRC
21-11-2006,-0.0031547415537558354,1,MGRC
22-11-2006,-0.006961883502761834,1,MGRC
24-11-2006,-0.0031865300844354794,1,MGRC
27-11-2006,-0.030690319345681227,0,MGRC
28-11-2006,0.006925922313906652,0,MGRC
29-11-2006,0.018670273108820856,0,MGRC
30-11-2006,0.012861450459337398,1,MGRC
01-12-2006,-0.002856980194117398,0,MGRC
04-12-2006,0.0006365444088303196,1,MGRC
05-12-2006,-0.004772334201556538,1,MGRC
06-12-2006,-0.00927098603216181,1,MGRC
07-12-2006,-0.01903850415485664,0,MGRC
08-12-2006,0.0016447744844800827,0,MGRC
11-12-2006,0.013136392175208345,1,MGRC
12-12-2006,-0.012317965760108796,0,MGRC
13-12-2006,0.004266708082799164,1,MGRC
14-12-2006,-0.005229112778641909,0,MGRC
15-12-2006,0.009198459117461422,1,MGRC
18-12-2006,-0.01529942342839774,1,MGRC
19-12-2006,-0.0009917782731161395,0,MGRC
20-12-2006,0.010589239101440384,1,MGRC
21-12-2006,-0.003601955490352915,0,MGRC
22-12-2006,0.0019717247165997875,0,MGRC
26-12-2006,0.015415029132107128,0,MGRC
27-12-2006,0.007105602311577863,1,MGRC
28-12-2006,-0.01154559263544308,1,MGRC
29-12-2006,-0.006164736191034748,1,MGRC
03-01-2007,-0.033300938763689336,0,MGRC
04-01-2007,0.021952551480616478,1,MGRC
05-01-2007,-0.03469946446433403,0,MGRC
08-01-2007,0.0044503448819648295,1,MGRC
09-01-2007,-0.0003404715147180548,1,MGRC
10-01-2007,-0.00479992147367736,0,MGRC
11-01-2007,0.009300831297692325,1,MGRC
12-01-2007,-0.010580284928056405,0,MGRC
16-01-2007,0.01448784209148224,1,MGRC
17-01-2007,-0.02516128796717121,0,MGRC
18-01-2007,0.013603095463644355,0,MGRC
19-01-2007,0.01204379060106886,1,MGRC
22-01-2007,-0.009180554902002092,0,MGRC
23-01-2007,0.011667743762652227,0,MGRC
24-01-2007,0.005087871997966786,1,MGRC
25-01-2007,-0.015186651771594839,0,MGRC
26-01-2007,0.008224653887070277,0,MGRC
29-01-2007,0.030931334193973425,0,MGRC
30-01-2007,0.004945578185803212,0,MGRC
31-01-2007,0.0049213376628864935,0,MGRC
01-02-2007,0.011752861752409194,0,MGRC
02-02-2007,0.010325814285481849,1,MGRC
05-02-2007,-0.042158649511852886,0,MGRC
06-02-2007,0.041347023382886094,0,MGRC
07-02-2007,0.008004995207164356,0,MGRC
08-02-2007,0.006035535407312276,1,MGRC
09-02-2007,-0.011367387371250093,0,MGRC
12-02-2007,0.010859090829419493,1,MGRC
13-02-2007,-0.018325423631063598,1,MGRC
14-02-2007,-0.011264652226685157,0,MGRC
15-02-2007,0.01920553732765984,0,MGRC
16-02-2007,0.0076657112787845705,0,MGRC
20-02-2007,0.011726933158683561,1,MGRC
21-02-2007,-0.007831864488879181,0,MGRC
22-02-2007,0.005999326261242333,1,MGRC
23-02-2007,-0.0458253284805874,0,MGRC
26-02-2007,0.02434228205632083,1,MGRC
27-02-2007,-0.04463720359521228,0,MGRC
28-02-2007,0.0006721057371503747,1,MGRC
01-03-2007,-0.013772119433041241,1,MGRC
02-03-2007,-0.011920932243964066,1,MGRC
05-03-2007,-0.017925026163024493,0,MGRC
06-03-2007,0.02843104154921927,1,MGRC
07-03-2007,-0.013992935279353302,0,MGRC
08-03-2007,0.0,0,MGRC
09-03-2007,0.0058844055715920884,0,MGRC
12-03-2007,0.012732470529938755,1,MGRC
13-03-2007,-0.01834882654220482,1,MGRC
14-03-2007,-0.002076958336946655,0,MGRC
15-03-2007,0.018383614923896285,1,MGRC
16-03-2007,-0.014645777708563568,0,MGRC
19-03-2007,0.018665648077412778,0,MGRC
20-03-2007,0.025110464893270512,0,MGRC
21-03-2007,0.03409458782639807,1,MGRC
22-03-2007,-0.016325462875888208,0,MGRC
23-03-2007,0.007484863431669764,0,MGRC
26-03-2007,0.011950700518442936,1,MGRC
27-03-2007,-0.002553510141118709,0,MGRC
28-03-2007,0.009600248760658792,0,MGRC
29-03-2007,0.004754149316400946,1,MGRC
30-03-2007,-0.000946424952424918,0,MGRC
02-04-2007,0.0006316418572773763,1,MGRC
03-04-2007,-0.006310925503897891,1,MGRC
04-04-2007,-0.002858208533955242,1,MGRC
05-04-2007,-0.0015920652251861789,1,MGRC
09-04-2007,-0.014354479856197422,0,MGRC
10-04-2007,0.0032363296706923173,1,MGRC
11-04-2007,-0.015161363754004564,0,MGRC
12-04-2007,0.02438253329697848,1,MGRC
13-04-2007,-0.010936204488350976,0,MGRC
16-04-2007,0.03219520341627957,1,MGRC
17-04-2007,-0.0006303628248099935,1,MGRC
18-04-2007,-0.03530912402256925,1,MGRC
19-04-2007,-0.017646994986848408,0,MGRC
20-04-2007,0.0206258842063618,1,MGRC
23-04-2007,-0.011734205587642377,0,MGRC
24-04-2007,0.0013190857598390782,0,MGRC
25-04-2007,0.01482238751440379,0,MGRC
26-04-2007,0.007789219523860691,1,MGRC
27-04-2007,-0.01771314119014822,1,MGRC
30-04-2007,-0.011475173497814684,0,MGRC
01-05-2007,0.019568603104806126,0,MGRC
02-05-2007,0.02147048605116253,1,MGRC
03-05-2007,-0.019108194850123494,0,MGRC
04-05-2007,0.035064794541963984,1,MGRC
07-05-2007,-0.011919649276117661,1,MGRC
08-05-2007,-0.0025397213855421485,0,MGRC
09-05-2007,0.00827449759923038,1,MGRC
10-05-2007,-0.025251895162645144,0,MGRC
11-05-2007,0.029145183810800113,1,MGRC
14-05-2007,-0.02045316677672626,1,MGRC
15-05-2007,-0.020237995003815512,0,MGRC
16-05-2007,0.029836306565478532,1,MGRC
17-05-2007,-0.03661260376148068,0,MGRC
18-05-2007,0.020158858906114574,1,MGRC
21-05-2007,-0.0009719039183796463,0,MGRC
22-05-2007,0.018482408720976284,1,MGRC
23-05-2007,-0.01528198929037361,1,MGRC
24-05-2007,-0.024247981284069686,1,MGRC
25-05-2007,-0.00927790548321683,0,MGRC
29-05-2007,0.006689065690581808,0,MGRC
30-05-2007,0.026577985057462117,0,MGRC
31-05-2007,0.007443551579895624,0,MGRC
01-06-2007,0.013491774430309578,0,MGRC
04-06-2007,0.0031695731503031954,1,MGRC
05-06-2007,-0.0044233072327258816,0,MGRC
06-06-2007,0.005077453275150079,1,MGRC
07-06-2007,-0.002210397857571156,0,MGRC
08-06-2007,0.012658611476651815,1,MGRC
11-06-2007,-0.0046877329423754555,0,MGRC
12-06-2007,0.0015699991547233338,0,MGRC
13-06-2007,0.0062695948074289465,1,MGRC
14-06-2007,-0.0012460324857017646,1,MGRC
15-06-2007,-0.011229208000500868,1,MGRC
18-06-2007,-0.0012615684696926088,1,MGRC
19-06-2007,-0.0025268859749961736,1,MGRC
20-06-2007,-0.0357821433007639,0,MGRC
21-06-2007,0.03612480705691645,1,MGRC
22-06-2007,-0.0012677540782631835,1,MGRC
25-06-2007,-0.013329067620179158,0,MGRC
26-06-2007,0.016403543790308284,0,MGRC
27-06-2007,0.02215219476952157,0,MGRC
28-06-2007,0.0232197768697604,0,MGRC
29-06-2007,0.019364804276467806,0,MGRC
02-07-2007,0.013356861936116182,1,MGRC
03-07-2007,-0.002928682389075954,0,MGRC
05-07-2007,0.001761917922741718,0,MGRC
06-07-2007,0.012610144650431199,1,MGRC
09-07-2007,-0.01419002540544867,1,MGRC
10-07-2007,-0.008226348442525677,1,MGRC
11-07-2007,-0.02458496567827073,0,MGRC
12-07-2007,0.01862573997435879,1,MGRC
13-07-2007,-0.007793401666731481,1,MGRC
16-07-2007,-0.0006046329476225853,0,MGRC
17-07-2007,0.00090700785018627,0,MGRC
18-07-2007,0.004530306241862236,0,MGRC
19-07-2007,0.009621031473020292,1,MGRC
20-07-2007,-0.036628694337414336,1,MGRC
23-07-2007,-0.008964466726529396,1,MGRC
24-07-2007,-0.028072438391836263,0,MGRC
25-07-2007,0.020539336803163,1,MGRC
26-07-2007,-0.009748584262244564,1,MGRC
27-07-2007,-0.025087461372787723,1,MGRC
30-07-2007,-0.01921825483995865,1,MGRC
31-07-2007,-0.006310248704143651,1,MGRC
01-08-2007,-0.005013219240307287,0,MGRC
02-08-2007,0.007053988393284527,0,MGRC
03-08-2007,0.0013345238608106769,0,MGRC
06-08-2007,0.05429719001737632,0,MGRC
07-08-2007,0.03412317709192236,0,MGRC
08-08-2007,0.05407893948519371,0,MGRC
09-08-2007,0.02405774816844608,1,MGRC
10-08-2007,-0.055477252553680856,1,MGRC
13-08-2007,-0.027269797532799123,1,MGRC
14-08-2007,-0.033271593100585806,1,MGRC
15-08-2007,-0.022625902616847715,0,MGRC
16-08-2007,0.04206080251177813,0,MGRC
17-08-2007,0.031288779975623626,0,MGRC
20-08-2007,0.019417741518459763,1,MGRC
21-08-2007,-0.003571443616212422,0,MGRC
22-08-2007,0.0092593204230067,1,MGRC
23-08-2007,-0.02249204248962322,0,MGRC
24-08-2007,0.002422051110367196,1,MGRC
27-08-2007,-0.003926211973588334,1,MGRC
28-08-2007,-0.035475816759125145,0,MGRC
29-08-2007,0.03772358121507602,1,MGRC
30-08-2007,-0.016964630830570093,1,MGRC
31-08-2007,-0.012943001703748735,0,MGRC
04-09-2007,0.02404013947547079,1,MGRC
05-09-2007,-0.028048991428046288,0,MGRC
06-09-2007,0.001255265808153938,1,MGRC
07-09-2007,-0.04855929799155223,1,MGRC
10-09-2007,-0.015146544176668053,0,MGRC
11-09-2007,0.0076898930355595585,1,MGRC
12-09-2007,-0.008957866329380226,0,MGRC
13-09-2007,0.012051878727186605,1,MGRC
14-09-2007,-0.024479050070207786,0,MGRC
17-09-2007,0.00712096379142646,0,MGRC
18-09-2007,0.07845110310120118,0,MGRC
19-09-2007,0.021230468255520885,1,MGRC
20-09-2007,-0.00244556503793969,0,MGRC
21-09-2007,0.0024515604885588793,1,MGRC
24-09-2007,-0.011311729940673754,1,MGRC
25-09-2007,-0.015770035437308594,0,MGRC
26-09-2007,0.02387704400683277,0,MGRC
27-09-2007,0.021478664973705985,1,MGRC
28-09-2007,-0.0015016714764799488,0,MGRC
01-10-2007,0.050842109362573495,0,MGRC
02-10-2007,0.008016236938274801,1,MGRC
03-10-2007,-0.021016469941895433,0,MGRC
04-10-2007,0.002610527381964989,0,MGRC
05-10-2007,0.027198896119387195,1,MGRC
08-10-2007,-0.0014082703028404087,0,MGRC
09-10-2007,0.01213000111130258,1,MGRC
10-10-2007,-0.010591272637497484,1,MGRC
11-10-2007,-0.004813154576978174,0,MGRC
12-10-2007,0.011949232351359473,1,MGRC
15-10-2007,-0.023053257561385987,0,MGRC
16-10-2007,0.021582999848031914,1,MGRC
17-10-2007,-0.015492913282230236,0,MGRC
18-10-2007,0.020600407596081283,1,MGRC
19-10-2007,-0.05214430907515599,0,MGRC
22-10-2007,0.03608406031064004,1,MGRC
23-10-2007,-0.015130013780521034,0,MGRC
24-10-2007,0.0040579489291492354,1,MGRC
25-10-2007,-0.021362640199446004,0,MGRC
26-10-2007,0.0035398040152223587,1,MGRC
29-10-2007,-0.01940033524267748,1,MGRC
30-10-2007,-0.012289970017106078,0,MGRC
31-10-2007,0.04036374094365014,1,MGRC
01-11-2007,-0.07467881528855835,1,MGRC
02-11-2007,-0.044136413283201836,1,MGRC
05-11-2007,-0.1071903327706295,0,MGRC
06-11-2007,0.03140073528853926,1,MGRC
07-11-2007,-0.029727788878866623,0,MGRC
08-11-2007,0.01845678595861644,0,MGRC
09-11-2007,0.005074169237442305,0,MGRC
12-11-2007,0.014064171139967607,0,MGRC
13-11-2007,0.029516677063389674,1,MGRC
14-11-2007,-0.005872009587682414,1,MGRC
15-11-2007,-0.026754999481126807,0,MGRC
16-11-2007,0.017493921553819902,1,MGRC
19-11-2007,-0.029473729287961548,0,MGRC
20-11-2007,0.016268839437409754,1,MGRC
21-11-2007,-0.021344709051256294,0,MGRC
23-11-2007,0.012359396824066282,1,MGRC
26-11-2007,-0.027289108238150783,1,MGRC
27-11-2007,-0.018088027120723438,0,MGRC
28-11-2007,0.007894860487734245,0,MGRC
29-11-2007,0.007087143057556533,1,MGRC
30-11-2007,-0.015185588354756363,1,MGRC
03-12-2007,-0.034975647254091746,1,MGRC
04-12-2007,-0.03819165594970009,0,MGRC
05-12-2007,0.021069938477610295,0,MGRC
06-12-2007,0.004365230112648444,0,MGRC
07-12-2007,0.0003949246559797892,0,MGRC
10-12-2007,0.0047393106830078136,1,MGRC
11-12-2007,-0.04638362703691301,0,MGRC
12-12-2007,0.030503082210252108,1,MGRC
13-12-2007,-0.017200372525406182,1,MGRC
14-12-2007,-0.010581775874883736,1,MGRC
17-12-2007,-0.02673776075115597,0,MGRC
18-12-2007,0.040574826366780004,1,MGRC
19-12-2007,-0.017059740043077865,0,MGRC
20-12-2007,0.016942301878976496,1,MGRC
21-12-2007,-0.0004059194379261166,0,MGRC
24-12-2007,0.03617823295259992,0,MGRC
26-12-2007,0.029423436911565792,1,MGRC
27-12-2007,-0.04230199357062736,0,MGRC
28-12-2007,0.011540223953824702,0,MGRC
31-12-2007,0.012982006713867955,1,MGRC
02-01-2008,-0.044659890421896664,1,MGRC
03-01-2008,-0.02154536474179536,1,MGRC
04-01-2008,-0.0049853113646962655,0,MGRC
07-01-2008,0.011273303859506534,1,MGRC
08-01-2008,-0.0342687803220898,0,MGRC
09-01-2008,0.023086346786451273,0,MGRC
10-01-2008,0.002925489934050285,1,MGRC
11-01-2008,-0.01847173463495777,0,MGRC
14-01-2008,0.00598828981843158,1,MGRC
15-01-2008,-0.023810265147179654,0,MGRC
16-01-2008,0.01001757239672707,1,MGRC
17-01-2008,-0.007761972862288524,1,MGRC
18-01-2008,-0.007822376023385202,0,MGRC
22-01-2008,0.006132299515385187,0,MGRC
23-01-2008,0.04309933711367342,0,MGRC
24-01-2008,0.021702741895643918,1,MGRC
25-01-2008,-0.005310211459261138,1,MGRC
28-01-2008,-0.006160208469744077,1,MGRC
29-01-2008,-0.021900635619579334,1,MGRC
30-01-2008,-0.031685716116916285,0,MGRC
31-01-2008,0.01614282665257316,0,MGRC
01-02-2008,0.03005585098868213,1,MGRC
04-02-2008,-0.0037513235351325225,1,MGRC
05-02-2008,-0.020920832673909096,1,MGRC
06-02-2008,-0.024358582303022014,0,MGRC
07-02-2008,0.02102436186077017,1,MGRC
08-02-2008,-0.009866472711646757,1,MGRC
11-02-2008,-0.05026009270267484,0,MGRC
12-02-2008,0.004562143000371277,1,MGRC
13-02-2008,-0.004541424372956571,1,MGRC
14-02-2008,-0.03010979842204997,1,MGRC
15-02-2008,-0.03621837141416684,0,MGRC
19-02-2008,0.003416596713262887,0,MGRC
20-02-2008,0.021887249289003874,1,MGRC
21-02-2008,-0.049500222579112574,1,MGRC
22-02-2008,-0.058588072244403544,0,MGRC
25-02-2008,0.10159560166011095,0,MGRC
26-02-2008,0.03283457165507797,0,MGRC
27-02-2008,0.012154989301194297,1,MGRC
28-02-2008,-0.02817502091065971,1,MGRC
29-02-2008,-0.004753162177976722,0,MGRC
03-03-2008,0.02148999126870277,0,MGRC
04-03-2008,0.009350436810888096,0,MGRC
05-03-2008,0.000926145587604843,0,MGRC
06-03-2008,0.0004631159226178294,1,MGRC
07-03-2008,-0.011101286817811085,1,MGRC
10-03-2008,-0.011693325918943676,0,MGRC
11-03-2008,0.04448661436224932,1,MGRC
12-03-2008,-0.017670492563207296,0,MGRC
13-03-2008,0.046125309599300834,1,MGRC
14-03-2008,-0.05379225343636396,0,MGRC
17-03-2008,0.003728246299535387,0,MGRC
18-03-2008,0.06313841428712408,0,MGRC
19-03-2008,0.004803171012190077,0,MGRC
20-03-2008,0.02346795061897744,0,MGRC
24-03-2008,0.04501091253631362,0,MGRC
25-03-2008,0.002031768087847441,0,MGRC
26-03-2008,0.010948852534277131,1,MGRC
27-03-2008,-0.03570007366571559,0,MGRC
28-03-2008,0.008319285464899906,1,MGRC
31-03-2008,-0.005362487441711861,0,MGRC
01-04-2008,0.06387317791501146,1,MGRC
02-04-2008,-0.011695540641620594,0,MGRC
03-04-2008,0.010256162266273128,0,MGRC
04-04-2008,0.002343216060347597,0,MGRC
07-04-2008,0.009349364877958788,1,MGRC
08-04-2008,-0.006561321110947316,0,MGRC
09-04-2008,0.011266513903444242,0,MGRC
10-04-2008,0.00038470065948370546,1,MGRC
11-04-2008,-0.015361533791717785,1,MGRC
14-04-2008,-0.0031446323034483026,0,MGRC
15-04-2008,0.022870674409996683,0,MGRC
16-04-2008,0.00501150242049242,1,MGRC
17-04-2008,-0.04257729864584203,0,MGRC
18-04-2008,0.03926247632487789,1,MGRC
21-04-2008,-0.0015416751823374986,1,MGRC
22-04-2008,-0.03281893443653405,0,MGRC
23-04-2008,0.0035928761127830278,0,MGRC
24-04-2008,0.019491031751130317,1,MGRC
25-04-2008,-0.016387324127036473,0,MGRC
28-04-2008,0.018643525672107586,0,MGRC
29-04-2008,0.01713406188094524,1,MGRC
30-04-2008,-0.011102718339837336,0,MGRC
01-05-2008,0.032907662247324554,1,MGRC
02-05-2008,-0.02511239965950096,1,MGRC
05-05-2008,-0.0311417278403906,1,MGRC
06-05-2008,-0.008730381291234268,1,MGRC
07-05-2008,-0.03963208849510025,1,MGRC
08-05-2008,-0.036265077732300255,0,MGRC
09-05-2008,0.15441231600666994,1,MGRC
12-05-2008,-0.02697685021762486,0,MGRC
13-05-2008,0.02502912750320485,0,MGRC
14-05-2008,0.008640412454557822,0,MGRC
15-05-2008,0.011917653626331681,1,MGRC
16-05-2008,-0.015458066384873015,1,MGRC
19-05-2008,-0.011962856530936872,1,MGRC
20-05-2008,-0.0143773394084441,1,MGRC
21-05-2008,-0.005374297685829088,0,MGRC
22-05-2008,0.013894597354508154,1,MGRC
23-05-2008,-0.007613740629781596,0,MGRC
27-05-2008,0.02915263531245671,0,MGRC
28-05-2008,0.008572135273174686,0,MGRC
29-05-2008,0.0247596492368789,1,MGRC
30-05-2008,-0.003605813685630399,1,MGRC
02-06-2008,-0.020629995162859793,0,MGRC
03-06-2008,0.01404325144639662,0,MGRC
04-06-2008,0.007653084592027737,0,MGRC
05-06-2008,0.022784879168388006,1,MGRC
06-06-2008,-0.04667616149462117,1,MGRC
09-06-2008,-0.011128211909685826,0,MGRC
10-06-2008,0.009002732409208125,1,MGRC
11-06-2008,-0.02527852246024498,0,MGRC
12-06-2008,0.017925031940512204,0,MGRC
13-06-2008,0.007868031486414573,1,MGRC
16-06-2008,-0.011152390404764123,1,MGRC
17-06-2008,-0.03233064961180043,0,MGRC
18-06-2008,0.006215960516865238,1,MGRC
19-06-2008,-0.011583428921181249,1,MGRC
20-06-2008,-0.04023435194390257,0,MGRC
23-06-2008,0.014245180407673752,1,MGRC
24-06-2008,-0.018057744157553346,0,MGRC
25-06-2008,0.03187571659528121,0,MGRC
26-06-2008,0.0071289485541752295,0,MGRC
27-06-2008,0.004718687965255208,1,MGRC
30-06-2008,-0.03757300371332484,0,MGRC
01-07-2008,0.00040604947929079316,1,MGRC
02-07-2008,-0.023576778793089725,1,MGRC
03-07-2008,-0.002081613339645627,0,MGRC
07-07-2008,0.0012511634928560333,0,MGRC
08-07-2008,0.0666665623377134,1,MGRC
09-07-2008,-0.03867163698877574,0,MGRC
10-07-2008,0.03250687909659766,0,MGRC
11-07-2008,0.047619145075944,1,MGRC
14-07-2008,-0.017411062749459694,0,MGRC
15-07-2008,0.001926108478853772,0,MGRC
16-07-2008,0.06766585903137123,1,MGRC
17-07-2008,-0.012243412766380968,1,MGRC
18-07-2008,-0.009114121635634964,0,MGRC
21-07-2008,0.01398117957492584,0,MGRC
22-07-2008,0.031205066772207024,1,MGRC
23-07-2008,-0.0070375449065728235,0,MGRC
24-07-2008,0.0028349895073584985,0,MGRC
25-07-2008,0.00812731266642075,1,MGRC
28-07-2008,-0.020680069786516708,0,MGRC
29-07-2008,0.029348181154557507,0,MGRC
30-07-2008,0.010779184006348697,1,MGRC
31-07-2008,-0.009976134569660067,1,MGRC
01-08-2008,-0.0031273425927144105,1,MGRC
04-08-2008,-0.026141047278979812,0,MGRC
05-08-2008,0.051180874077420446,1,MGRC
06-08-2008,-0.04085780746868162,1,MGRC
07-08-2008,-0.03549878702875531,0,MGRC
08-08-2008,0.09238101519976571,0,MGRC
11-08-2008,0.0084231900652596,1,MGRC
12-08-2008,-0.03341104286485097,1,MGRC
13-08-2008,-0.0013829542292995711,1,MGRC
14-08-2008,-0.013845617577529556,0,MGRC
15-08-2008,0.0031592765528438704,0,MGRC
18-08-2008,0.0010499428676573608,1,MGRC
19-08-2008,-0.008738710044044362,0,MGRC
20-08-2008,0.0038788807259342306,1,MGRC
21-08-2008,-0.011591075136022866,0,MGRC
22-08-2008,0.008529044932829022,1,MGRC
25-08-2008,-0.01444703702828054,0,MGRC
26-08-2008,0.0025026467344775316,0,MGRC
27-08-2008,0.017118413806891164,0,MGRC
28-08-2008,0.007012568714104717,1,MGRC
29-08-2008,-0.007660218371884353,0,MGRC
02-09-2008,0.0014034176222328387,1,MGRC
03-09-2008,-0.0063069807199793715,1,MGRC
04-09-2008,-0.04619178317093142,1,MGRC
05-09-2008,-0.017005343546164564,0,MGRC
08-09-2008,0.0372320194504574,1,MGRC
09-09-2008,-0.03190739142155907,0,MGRC
10-09-2008,0.03408268495475686,0,MGRC
11-09-2008,0.0043459684591964365,1,MGRC
12-09-2008,-0.008294064661442224,1,MGRC
15-09-2008,-0.013090892180342983,0,MGRC
16-09-2008,0.048268507213725886,1,MGRC
17-09-2008,-0.057997108207582526,0,MGRC
18-09-2008,0.09402987278356645,0,MGRC
19-09-2008,0.0668488426427134,1,MGRC
22-09-2008,-0.030690378598026924,1,MGRC
23-09-2008,-0.008905119429394426,1,MGRC
24-09-2008,-0.046256216801224714,0,MGRC
25-09-2008,0.015003539731636817,0,MGRC
26-09-2008,0.012375271930109788,1,MGRC
29-09-2008,-0.06010212822636374,0,MGRC
30-09-2008,0.04118526121343358,1,MGRC
01-10-2008,-0.041637933770554025,1,MGRC
02-10-2008,-0.04054988119274017,1,MGRC
03-10-2008,-0.02075501403133473,1,MGRC
06-10-2008,-0.020423423157632792,1,MGRC
07-10-2008,-0.08811986550961393,1,MGRC
08-10-2008,-0.0660053662979887,1,MGRC
09-10-2008,-0.12655862892307745,0,MGRC
10-10-2008,0.015499438612383232,0,MGRC
13-10-2008,0.12052631347108744,0,MGRC
14-10-2008,0.036636661487570166,1,MGRC
15-10-2008,-0.08926109829584483,0,MGRC
16-10-2008,0.07014888790508689,1,MGRC
17-10-2008,-0.05485799942559422,0,MGRC
20-10-2008,0.006886573331092993,1,MGRC
21-10-2008,-0.03615102389740743,1,MGRC
22-10-2008,-0.03547834877213352,1,MGRC
23-10-2008,-0.0157646279901571,1,MGRC
24-10-2008,-0.036839646230457324,1,MGRC
27-10-2008,-0.07039881685726768,0,MGRC
28-10-2008,0.0739416878587369,0,MGRC
29-10-2008,0.05718998945587783,0,MGRC
30-10-2008,0.08088275996893812,0,MGRC
31-10-2008,0.10495614905454609,0,MGRC
03-11-2008,0.034300983307538946,1,MGRC
04-11-2008,-0.0008504591701495867,1,MGRC
05-11-2008,-0.026382509995862558,1,MGRC
06-11-2008,-0.03496557691434932,1,MGRC
07-11-2008,-0.030343863108003855,1,MGRC
10-11-2008,-0.0742649080600889,1,MGRC
11-11-2008,-0.034308873042898314,1,MGRC
12-11-2008,-0.05485889804169808,0,MGRC
13-11-2008,0.13377561828159568,1,MGRC
14-11-2008,-0.13213051520744312,1,MGRC
17-11-2008,-0.011797694158412586,0,MGRC
18-11-2008,0.013644093418346825,1,MGRC
19-11-2008,-0.07851938046724871,1,MGRC
20-11-2008,-0.06573330949245437,0,MGRC
21-11-2008,0.052768593219795434,0,MGRC
24-11-2008,0.004950223884986116,0,MGRC
25-11-2008,0.025862297125633926,0,MGRC
26-11-2008,0.0840336549452787,1,MGRC
28-11-2008,-0.0044295933437731305,1,MGRC
01-12-2008,-0.14738593747608486,0,MGRC
02-12-2008,0.12915829161770875,0,MGRC
03-12-2008,0.0658581955161901,0,MGRC
04-12-2008,0.008129489969938453,0,MGRC
05-12-2008,0.03602218594356388,0,MGRC
08-12-2008,0.051893744094334116,1,MGRC
09-12-2008,-0.01924012261432595,0,MGRC
10-12-2008,0.04325941499293329,1,MGRC
11-12-2008,-0.07328815305165226,0,MGRC
12-12-2008,0.04734639677346819,1,MGRC
15-12-2008,-0.029806282524019623,0,MGRC
16-12-2008,0.057347725962842766,1,MGRC
17-12-2008,-0.007263807750383489,1,MGRC
18-12-2008,-0.03463412102549912,0,MGRC
19-12-2008,0.023749362500210536,1,MGRC
22-12-2008,-0.030602328250496025,1,MGRC
23-12-2008,-0.01985722168774251,0,MGRC
24-12-2008,0.008830894971316727,0,MGRC
26-12-2008,0.027291519815341614,1,MGRC
29-12-2008,-0.04210548021423832,0,MGRC
30-12-2008,0.05128212931888698,0,MGRC
31-12-2008,0.06321568574286429,0,MGRC
02-01-2009,0.013108593338874597,0,MGRC
05-01-2009,0.029574945942817177,0,MGRC
06-01-2009,0.05341107447757332,1,MGRC
07-01-2009,-0.02982526113460182,0,MGRC
08-01-2009,0.05270108445577648,1,MGRC
09-01-2009,-0.08427197292504374,1,MGRC
12-01-2009,-0.013667659298391976,0,MGRC
13-01-2009,0.011188956343885614,1,MGRC
14-01-2009,-0.05578638187360041,0,MGRC
15-01-2009,0.08496116287587219,1,MGRC
16-01-2009,-0.013950858902170293,1,MGRC
20-01-2009,-0.06937527574646074,0,MGRC
21-01-2009,0.07846980171458795,1,MGRC
22-01-2009,-0.042291543608650506,1,MGRC
23-01-2009,-0.018044001272497723,0,MGRC
26-01-2009,0.005319172433328356,0,MGRC
27-01-2009,0.03511285754141591,0,MGRC
28-01-2009,0.0515804045677386,1,MGRC
29-01-2009,-0.045515108997778886,1,MGRC
30-01-2009,-0.02916658885812462,0,MGRC
02-02-2009,0.09155940936132723,0,MGRC
03-02-2009,0.008300224187837157,1,MGRC
04-02-2009,-0.027296050237081704,0,MGRC
05-02-2009,0.033407563599156864,0,MGRC
06-02-2009,0.03663777632293863,1,MGRC
09-02-2009,-0.006652581551101044,1,MGRC
10-02-2009,-0.047300161651326,1,MGRC
11-02-2009,-0.004393523618909989,0,MGRC
12-02-2009,0.022065303528636226,1,MGRC
13-02-2009,-0.017703302216173,1,MGRC
17-02-2009,-0.05010980299708934,1,MGRC
18-02-2009,-0.005090193597361403,1,MGRC
19-02-2009,-0.031162910094929663,1,MGRC
20-02-2009,-0.04320673453142243,1,MGRC
23-02-2009,-0.01354759014678919,0,MGRC
24-02-2009,0.03051914624826013,1,MGRC
25-02-2009,-0.04195454581400748,1,MGRC
26-02-2009,-0.08500779142992665,1,MGRC
27-02-2009,-0.12049542161855742,1,MGRC
02-03-2009,-0.0704230066375684,1,MGRC
03-03-2009,-0.06542701964355402,0,MGRC
04-03-2009,0.027266353059123505,1,MGRC
05-03-2009,-0.038737541521540186,1,MGRC
06-03-2009,-0.014179358310408507,1,MGRC
09-03-2009,-0.08856894782136959,0,MGRC
10-03-2009,0.27823943989967725,1,MGRC
11-03-2009,-0.07862271912729069,0,MGRC
12-03-2009,0.13046558114585882,0,MGRC
13-03-2009,0.01684337166230332,1,MGRC
16-03-2009,-0.015337333387136387,1,MGRC
17-03-2009,-0.007476818665978269,0,MGRC
18-03-2009,0.0866289784561034,1,MGRC
19-03-2009,-0.026574390316975394,1,MGRC
20-03-2009,-0.01839708957552455,0,MGRC
23-03-2009,0.14026555210881675,1,MGRC
24-03-2009,-0.06680796021027557,0,MGRC
25-03-2009,0.03693176260148978,0,MGRC
26-03-2009,0.06958899341294367,1,MGRC
27-03-2009,-0.14754095881978102,1,MGRC
30-03-2009,-0.03725953589772646,1,MGRC
31-03-2009,-0.01622968821568438,0,MGRC
01-04-2009,0.03807093177128085,0,MGRC
02-04-2009,0.08618573683990771,0,MGRC
03-04-2009,0.025886321039068738,1,MGRC
06-04-2009,-0.03730120299129991,1,MGRC
07-04-2009,-0.02962951158325844,1,MGRC
08-04-2009,-0.003522910098038068,0,MGRC
09-04-2009,0.07130193571330556,1,MGRC
13-04-2009,-0.02310199360566234,1,MGRC
14-04-2009,-0.06271382708309825,1,MGRC
15-04-2009,-0.00608282027531315,0,MGRC
16-04-2009,0.08139528858453926,0,MGRC
17-04-2009,0.007357312973971464,1,MGRC
20-04-2009,-0.05617979368040549,0,MGRC
21-04-2009,0.14999968191121593,0,MGRC
22-04-2009,0.03778443180023694,1,MGRC
23-04-2009,-0.006483078216045657,0,MGRC
24-04-2009,0.0,1,MGRC
27-04-2009,-0.05170701109345732,0,MGRC
28-04-2009,0.02488060166605477,0,MGRC
29-04-2009,0.08987599839516891,0,MGRC
30-04-2009,0.0018955411136716283,1,MGRC
01-05-2009,-0.015137017516225426,0,MGRC
04-05-2009,0.028338628314707792,1,MGRC
05-05-2009,-0.020551825273698587,1,MGRC
06-05-2009,-0.011444616496827154,1,MGRC
07-05-2009,-0.04341502409892439,0,MGRC
08-05-2009,0.2123043432611207,1,MGRC
11-05-2009,-0.05698825595484791,0,MGRC
12-05-2009,0.019849719943085598,1,MGRC
13-05-2009,-0.07266438811366194,1,MGRC
14-05-2009,-0.0018652223273023516,1,MGRC
15-05-2009,-0.0065424558483629935,1,MGRC
18-05-2009,-0.0004702699060687987,1,MGRC
19-05-2009,-0.026823352482404306,1,MGRC
20-05-2009,-0.026112701088940926,1,MGRC
21-05-2009,-0.05858959064303304,1,MGRC
22-05-2009,-0.024261797747462288,0,MGRC
26-05-2009,0.019459651856471583,1,MGRC
27-05-2009,-0.02067868934018091,1,MGRC
28-05-2009,-0.017325351881403828,0,MGRC
29-05-2009,0.0005509270241939035,0,MGRC
01-06-2009,0.004405447964152431,0,MGRC
02-06-2009,0.030701734360227606,1,MGRC
03-06-2009,-0.004255622327546504,1,MGRC
04-06-2009,-0.006944348156845304,1,MGRC
05-06-2009,-0.0005378127217087192,1,MGRC
08-06-2009,-0.01345531709215686,1,MGRC
09-06-2009,-0.01527530696117918,1,MGRC
10-06-2009,-0.019390730615728935,0,MGRC
11-06-2009,0.009604263382335443,0,MGRC
12-06-2009,0.003917692875186063,1,MGRC
15-06-2009,-0.022296502892257375,0,MGRC
16-06-2009,0.016533228326791383,0,MGRC
17-06-2009,0.0319686167977542,0,MGRC
18-06-2009,0.0038043175696544917,0,MGRC
19-06-2009,0.020574019750223327,1,MGRC
22-06-2009,-0.027586258695123433,1,MGRC
23-06-2009,-0.008728800923653135,0,MGRC
24-06-2009,0.013208763083481845,0,MGRC
25-06-2009,0.03422010030262079,0,MGRC
26-06-2009,0.0194331422442795,1,MGRC
29-06-2009,-0.009788893092132489,1,MGRC
30-06-2009,-0.008324749659186503,0,MGRC
01-07-2009,0.029905802246618318,1,MGRC
02-07-2009,-0.0463580143948602,0,MGRC
06-07-2009,0.0032052833901605737,1,MGRC
07-07-2009,-0.01650691824345618,1,MGRC
08-07-2009,-0.017325351881403828,1,MGRC
09-07-2009,-0.017079808402203134,1,MGRC
10-07-2009,-0.015134518506623174,0,MGRC
13-07-2009,0.006829915242059226,1,MGRC
14-07-2009,-0.010303389524366824,0,MGRC
15-07-2009,0.0728742647515852,0,MGRC
16-07-2009,0.028032343778565005,1,MGRC
17-07-2009,-0.06397491253754217,0,MGRC
20-07-2009,0.03193300052096659,1,MGRC
21-07-2009,-0.008686180502109786,1,MGRC
22-07-2009,-0.0005477792719031926,0,MGRC
23-07-2009,0.02794491894927975,0,MGRC
24-07-2009,0.01865690999453884,1,MGRC
27-07-2009,-0.0177914316818506,0,MGRC
28-07-2009,0.0250395892359343,0,MGRC
29-07-2009,0.010395564657873058,0,MGRC
30-07-2009,0.002056917910423506,1,MGRC
31-07-2009,-0.013346708822538411,0,MGRC
03-08-2009,0.014047671993905553,0,MGRC
04-08-2009,0.0,1,MGRC
05-08-2009,-0.01693148143745915,1,MGRC
06-08-2009,-0.03862214676195408,0,MGRC
07-08-2009,0.13897903686784008,0,MGRC
10-08-2009,0.014299703789889984,1,MGRC
11-08-2009,-0.02396610868672644,0,MGRC
12-08-2009,0.01685126192247588,1,MGRC
13-08-2009,-0.0033144265140621076,1,MGRC
14-08-2009,-0.03895516046215186,0,MGRC
17-08-2009,0.002471369670569157,0,MGRC
18-08-2009,0.025641233615907977,0,MGRC
19-08-2009,0.013942496526963222,0,MGRC
20-08-2009,0.014698870450584822,0,MGRC
21-08-2009,0.0032708686499371975,1,MGRC
24-08-2009,-0.008383676016430863,1,MGRC
25-08-2009,-0.01362140840550774,1,MGRC
26-08-2009,-0.004761831405933115,0,MGRC
27-08-2009,0.008134061826609251,1,MGRC
28-08-2009,-0.03369725421515779,1,MGRC
31-08-2009,-0.03389033662706675,1,MGRC
01-09-2009,-0.011692317298526156,0,MGRC
02-09-2009,0.008229787014403911,0,MGRC
03-09-2009,0.0015309178261497802,0,MGRC
04-09-2009,0.001528228549529942,1,MGRC
08-09-2009,-0.010173341438911243,0,MGRC
09-09-2009,0.007708461754278861,1,MGRC
10-09-2009,-0.0066294978788487,1,MGRC
11-09-2009,-0.010780047581219865,0,MGRC
14-09-2009,0.019719768417313155,1,MGRC
15-09-2009,-0.02493622119315475,0,MGRC
16-09-2009,0.012003753426547137,0,MGRC
17-09-2009,0.012377864992550336,0,MGRC
18-09-2009,0.014263815612050701,0,MGRC
21-09-2009,0.000502589817791721,0,MGRC
22-09-2009,0.02911609201911891,0,MGRC
23-09-2009,0.023902347172726213,0,MGRC
24-09-2009,0.019533329571737035,1,MGRC
25-09-2009,-0.006541929462766993,0,MGRC
28-09-2009,0.029632955640962022,1,MGRC
29-09-2009,-0.017359332515927584,1,MGRC
30-09-2009,-0.011157656398911309,1,MGRC
01-10-2009,-0.02444783013947549,0,MGRC
02-10-2009,0.00192732463426748,0,MGRC
05-10-2009,0.018759273170059876,0,MGRC
06-10-2009,0.02360753067582344,0,MGRC
07-10-2009,0.007379668541179107,1,MGRC
08-10-2009,-0.0054942216777669195,0,MGRC
09-10-2009,0.023020282292411487,1,MGRC
12-10-2009,-0.007200942235398133,1,MGRC
13-10-2009,-0.0009063435661008645,0,MGRC
14-10-2009,0.020623125736496828,0,MGRC
15-10-2009,0.013470917337533361,1,MGRC
16-10-2009,-0.01993776554595661,0,MGRC
19-10-2009,0.017631294199019765,1,MGRC
20-10-2009,-0.022656648276467406,0,MGRC
21-10-2009,0.000908811193780501,0,MGRC
22-10-2009,0.03405979814767912,1,MGRC
23-10-2009,-0.047430083279515034,1,MGRC
26-10-2009,-0.014292871952470088,1,MGRC
27-10-2009,-0.00982219530632078,1,MGRC
28-10-2009,-0.04487490062294863,0,MGRC
29-10-2009,0.006429348244830324,1,MGRC
30-10-2009,-0.02948403177792913,0,MGRC
02-11-2009,0.009620214998468102,0,MGRC
03-11-2009,0.0020059456954553134,1,MGRC
04-11-2009,-0.006506442086090636,0,MGRC
05-11-2009,0.02821173172899427,1,MGRC
06-11-2009,-0.014698809872807694,0,MGRC
09-11-2009,0.04077581480772663,1,MGRC
10-11-2009,-0.012422429920115663,0,MGRC
11-11-2009,0.007740998614754746,1,MGRC
12-11-2009,-0.03696649142128061,0,MGRC
13-11-2009,0.005483860492742965,0,MGRC
16-11-2009,0.06693092372023313,1,MGRC
17-11-2009,-0.0032523874068569603,1,MGRC
18-11-2009,-0.009324050027309072,1,MGRC
19-11-2009,-0.04329465328099258,1,MGRC
20-11-2009,-0.0014753653635318775,0,MGRC
23-11-2009,0.050246099332597716,0,MGRC
24-11-2009,0.008443047051263752,1,MGRC
25-11-2009,-0.013023227454005082,1,MGRC
27-11-2009,-0.03817146805408489,0,MGRC
30-11-2009,0.012738724756482078,1,MGRC
01-12-2009,-0.008224478652065104,0,MGRC
02-12-2009,0.020487793898703588,1,MGRC
03-12-2009,-0.024378451811162383,0,MGRC
04-12-2009,0.060264621796792595,0,MGRC
07-12-2009,0.02633987733108456,0,MGRC
08-12-2009,0.004052052214501778,1,MGRC
09-12-2009,-0.017937185346168505,1,MGRC
10-12-2009,-0.022374091205913382,0,MGRC
11-12-2009,0.01961692463425102,0,MGRC
14-12-2009,0.012368319640592373,0,MGRC
15-12-2009,0.009502010872108224,0,MGRC
16-12-2009,0.012550522472592807,1,MGRC
17-12-2009,-0.05533399803592942,0,MGRC
18-12-2009,0.014058106007211801,1,MGRC
21-12-2009,-0.0027726681755915195,0,MGRC
22-12-2009,0.0027803772390784243,0,MGRC
23-12-2009,0.014325274557676293,0,MGRC
24-12-2009,0.015489930626977344,0,MGRC
28-12-2009,0.0022428636764577625,0,MGRC
29-12-2009,0.02238166453375179,0,MGRC
30-12-2009,0.001751249801993593,1,MGRC
31-12-2009,-0.022727396745145567,0,MGRC
04-01-2010,0.04919509300544611,1,MGRC
05-01-2010,-0.024297037657151632,1,MGRC
06-01-2010,-0.033638914379008344,0,MGRC
07-01-2010,0.004972910255893526,0,MGRC
08-01-2010,0.020242823779690777,1,MGRC
11-01-2010,-0.005290874221780983,1,MGRC
12-01-2010,-0.016401107848212693,0,MGRC
13-01-2010,0.018207435292402208,0,MGRC
14-01-2010,0.007599314361305343,1,MGRC
15-01-2010,-0.017302411376384552,0,MGRC
19-01-2010,0.008577416949171468,1,MGRC
20-01-2010,-0.016562068633478977,1,MGRC
21-01-2010,-0.037323588131704555,1,MGRC
22-01-2010,-0.017021910797823225,0,MGRC
25-01-2010,0.006253447927313971,1,MGRC
26-01-2010,-0.009082568948756142,0,MGRC
27-01-2010,0.05016926565990931,1,MGRC
28-01-2010,-0.04501654750561679,0,MGRC
29-01-2010,0.013468631681482046,1,MGRC
01-02-2010,-0.000474891854810755,1,MGRC
02-02-2010,-0.00522284713466592,1,MGRC
03-02-2010,-0.0023867130617928334,1,MGRC
04-02-2010,-0.011961858293130234,0,MGRC
05-02-2010,0.015012484648355917,1,MGRC
08-02-2010,-0.008111490038206104,0,MGRC
09-02-2010,0.023569604572177605,0,MGRC
10-02-2010,0.0070488512326052355,0,MGRC
11-02-2010,0.02566448284311207,0,MGRC
12-02-2010,0.0045498644790804565,0,MGRC
16-02-2010,0.034420709980351294,0,MGRC
17-02-2010,0.049036402569593074,0,MGRC
18-02-2010,0.018363918180207328,1,MGRC
19-02-2010,-0.008606577417676564,1,MGRC
22-02-2010,-0.007027285414677897,1,MGRC
23-02-2010,-0.014987619302588517,1,MGRC
24-02-2010,-0.004649417391746846,0,MGRC
25-02-2010,0.03439519430809779,1,MGRC
26-02-2010,-0.018062370201810563,1,MGRC
01-03-2010,-0.0016724527141996903,0,MGRC
02-03-2010,0.0012557375525394932,1,MGRC
03-03-2010,-0.00418170354377656,0,MGRC
04-03-2010,0.0037795291231295103,0,MGRC
05-03-2010,0.016736507054143424,0,MGRC
08-03-2010,0.0,1,MGRC
09-03-2010,-0.0008227628398278508,0,MGRC
10-03-2010,0.006177905391353766,0,MGRC
11-03-2010,0.012279946435418854,1,MGRC
12-03-2010,-0.014152989550915374,0,MGRC
15-03-2010,0.011484849667246166,0,MGRC
16-03-2010,0.007298834980445035,0,MGRC
17-03-2010,0.0012081808818140694,1,MGRC
18-03-2010,-0.0036189802564438045,1,MGRC
19-03-2010,-0.023002228313417916,0,MGRC
22-03-2010,0.019000438773064898,0,MGRC
23-03-2010,0.023510433977111278,1,MGRC
24-03-2010,-0.016238219872721227,1,MGRC
25-03-2010,-0.006038524396588363,1,MGRC
26-03-2010,-0.006075100858951354,0,MGRC
29-03-2010,0.0020376666089210183,0,MGRC
30-03-2010,0.006506661514375844,1,MGRC
31-03-2010,-0.0210097281676479,1,MGRC
01-04-2010,-0.007842039939627288,0,MGRC
05-04-2010,0.025790441484694115,0,MGRC
06-04-2010,0.0028387203637050273,0,MGRC
07-04-2010,0.003234913156110464,1,MGRC
08-04-2010,-0.0016122411180515828,1,MGRC
09-04-2010,-0.00726685511041103,0,MGRC
12-04-2010,0.008133654739535645,0,MGRC
13-04-2010,0.002822965729182947,0,MGRC
14-04-2010,0.03511315204734755,0,MGRC
15-04-2010,0.021176748736701834,1,MGRC
16-04-2010,-0.00038409958610097217,0,MGRC
19-04-2010,0.0,0,MGRC
20-04-2010,0.00038424717528195984,0,MGRC
21-04-2010,0.003071774059451915,0,MGRC
22-04-2010,0.01454823202788691,0,MGRC
23-04-2010,0.015094078733435046,1,MGRC
26-04-2010,-0.0029736696740931823,1,MGRC
27-04-2010,-0.02982836625802343,0,MGRC
28-04-2010,0.020753027186729556,0,MGRC
29-04-2010,0.026732249292985566,1,MGRC
30-04-2010,-0.05023851118243938,0,MGRC
03-05-2010,0.0262547196281524,1,MGRC
04-05-2010,-0.053423265094383665,1,MGRC
05-05-2010,-0.020668271902204105,1,MGRC
06-05-2010,-0.051136224246244755,1,MGRC
07-05-2010,-0.04277143158809038,0,MGRC
10-05-2010,0.12377104343451517,0,MGRC
11-05-2010,0.010735994136687799,0,MGRC
12-05-2010,0.05035393777445729,1,MGRC
13-05-2010,-0.012359572974180555,1,MGRC
14-05-2010,-0.030716669783681816,0,MGRC
17-05-2010,0.03442864792893863,1,MGRC
18-05-2010,-0.028366322144538936,0,MGRC
19-05-2010,0.001946767351402423,1,MGRC
20-05-2010,-0.07847771624745403,1,MGRC
21-05-2010,-0.002107777660273591,1,MGRC
24-05-2010,-0.033375367924550536,1,MGRC
25-05-2010,-0.002622425133382067,0,MGRC
26-05-2010,0.0122700059454941,0,MGRC
27-05-2010,0.04978337487000939,1,MGRC
28-05-2010,-0.03670118882993356,1,MGRC
01-06-2010,-0.029537531618001545,0,MGRC
02-06-2010,0.016320918669099793,0,MGRC
03-06-2010,0.01519140724686463,1,MGRC
04-06-2010,-0.0761010391451491,1,MGRC
07-06-2010,-0.00046253124180728467,1,MGRC
08-06-2010,-0.004629980074892348,1,MGRC
09-06-2010,-0.016279100155644932,0,MGRC
10-06-2010,0.03593442472688291,0,MGRC
11-06-2010,0.02145108485402325,0,MGRC
14-06-2010,0.00357448653567638,0,MGRC
15-06-2010,0.03294750913677147,0,MGRC
16-06-2010,0.0004306597116807698,0,MGRC
17-06-2010,0.004739577375637127,0,MGRC
18-06-2010,0.0,1,MGRC
21-06-2010,-0.012435600700994143,1,MGRC
22-06-2010,-0.022579155043577548,0,MGRC
23-06-2010,0.005330587516866547,1,MGRC
24-06-2010,-0.01414046943327274,0,MGRC
25-06-2010,0.004930774598310705,0,MGRC
28-06-2010,0.023193603651798345,1,MGRC
29-06-2010,-0.003923465548747673,1,MGRC
30-06-2010,-0.0030632416940233886,1,MGRC
01-07-2010,-0.006585076802906209,1,MGRC
02-07-2010,-0.01855907194991091,1,MGRC
06-07-2010,-0.0355696291468417,0,MGRC
07-07-2010,0.03734843486160577,0,MGRC
08-07-2010,0.025202416049471488,0,MGRC
09-07-2010,0.021510097499630065,1,MGRC
12-07-2010,-0.011173082068299589,0,MGRC
13-07-2010,0.05649688352996107,1,MGRC
14-07-2010,-0.024288622428099815,1,MGRC
15-07-2010,-0.021702721672836156,1,MGRC
16-07-2010,-0.014788955202333587,0,MGRC
19-07-2010,0.003973730398088238,0,MGRC
20-07-2010,0.004837429534157778,1,MGRC
21-07-2010,-0.02100637551896778,0,MGRC
22-07-2010,0.03844400647387136,0,MGRC
23-07-2010,0.028411554650814352,0,MGRC
26-07-2010,0.02846395366519583,1,MGRC
27-07-2010,-0.003256242267431264,1,MGRC
28-07-2010,-0.011432948916984875,1,MGRC
29-07-2010,-0.002891538430522589,1,MGRC
30-07-2010,-0.033968801394026804,0,MGRC
02-08-2010,0.036878477806243426,1,MGRC
03-08-2010,-0.008684725037716667,0,MGRC
04-08-2010,0.018773400711312282,1,MGRC
05-08-2010,-0.018837133776417603,1,MGRC
06-08-2010,-0.039232216016681476,0,MGRC
09-08-2010,0.022589516209905014,1,MGRC
10-08-2010,-0.03101156775186975,1,MGRC
11-08-2010,-0.05436151082777174,1,MGRC
12-08-2010,-0.018544347973181052,1,MGRC
13-08-2010,-0.02031183306923523,0,MGRC
16-08-2010,0.01542885517370518,0,MGRC
17-08-2010,0.02706556248859604,0,MGRC
18-08-2010,0.0009247402442282837,1,MGRC
19-08-2010,-0.054965391598932656,0,MGRC
20-08-2010,0.008309103418244312,1,MGRC
23-08-2010,-0.0033935734394818784,1,MGRC
24-08-2010,-0.00875432281741828,0,MGRC
25-08-2010,0.028949757195334325,1,MGRC
26-08-2010,-0.01859793162284984,0,MGRC
27-08-2010,0.045189534460076786,1,MGRC
30-08-2010,-0.05299872017008633,1,MGRC
31-08-2010,-0.013745937021107268,0,MGRC
01-09-2010,0.06172259576723205,1,MGRC
02-09-2010,-0.0037506138053954308,0,MGRC
03-09-2010,0.01788214444942282,1,MGRC
07-09-2010,-0.03652318403623778,0,MGRC
08-09-2010,0.0062380029579385265,0,MGRC
09-09-2010,0.0033382370721397603,0,MGRC
10-09-2010,0.02376421343967028,0,MGRC
13-09-2010,0.029712321439124834,1,MGRC
14-09-2010,-0.008115745574129862,0,MGRC
15-09-2010,0.012727308921876013,1,MGRC
16-09-2010,-0.008078966551614997,0,MGRC
17-09-2010,0.0018099086199689918,0,MGRC
20-09-2010,0.0456184332684646,1,MGRC
21-09-2010,-0.024621839574437643,1,MGRC
22-09-2010,-0.001770967007341473,1,MGRC
23-09-2010,-0.043478250691407316,0,MGRC
24-09-2010,0.058904991317904276,1,MGRC
27-09-2010,-0.01226448312973416,0,MGRC
28-09-2010,0.035919698915391596,0,MGRC
29-09-2010,0.013698851375938625,0,MGRC
30-09-2010,0.011824359517573324,0,MGRC
01-10-2010,0.01878167988725421,1,MGRC
04-10-2010,-0.03727984515746352,0,MGRC
05-10-2010,0.05787186622771667,0,MGRC
06-10-2010,0.012872395983401619,0,MGRC
07-10-2010,0.004368356427373543,0,MGRC
08-10-2010,0.03637824132295897,1,MGRC
11-10-2010,-0.01297226966352305,1,MGRC
12-10-2010,-0.012755738389369498,0,MGRC
13-10-2010,0.002962228997779981,0,MGRC
14-10-2010,0.0003940582687143035,0,MGRC
15-10-2010,0.01417309701895908,0,MGRC
18-10-2010,0.028338757982416363,1,MGRC
19-10-2010,-0.03586254948360157,0,MGRC
20-10-2010,0.018010793534036562,1,MGRC
21-10-2010,-0.020384929653451067,1,MGRC
22-10-2010,-0.0003926152601461119,1,MGRC
25-10-2010,-0.005105900364944849,0,MGRC
26-10-2010,0.007501125303005951,1,MGRC
27-10-2010,-0.001959536990602917,1,MGRC
28-10-2010,-0.002355794232231312,1,MGRC
29-10-2010,-0.003935320735998338,0,MGRC
01-11-2010,0.0015808020783103505,0,MGRC
02-11-2010,0.03510835800254819,1,MGRC
03-11-2010,-0.0045733276634299935,0,MGRC
04-11-2010,0.02641659872938318,1,MGRC
05-11-2010,-0.02424495022452655,0,MGRC
08-11-2010,0.014908424135814835,0,MGRC
09-11-2010,0.007909532846663625,0,MGRC
10-11-2010,0.04110644304237332,1,MGRC
11-11-2010,-0.0014358307013212501,1,MGRC
12-11-2010,-0.003954047510233094,0,MGRC
15-11-2010,0.0018041974817675221,0,MGRC
16-11-2010,0.001441097698567484,0,MGRC
17-11-2010,0.007553887909085288,0,MGRC
18-11-2010,0.017493967251420495,0,MGRC
19-11-2010,0.01017506903013543,1,MGRC
22-11-2010,-0.023271762278650354,1,MGRC
23-11-2010,-0.020981595594087188,0,MGRC
24-11-2010,0.04031957241402506,1,MGRC
26-11-2010,-0.0024439295933522676,0,MGRC
29-11-2010,0.0028002974389280677,1,MGRC
30-11-2010,-0.025828912412368954,0,MGRC
01-12-2010,0.012182086866117992,1,MGRC
02-12-2010,-0.001769802225365158,1,MGRC
03-12-2010,-0.0010643760172104333,1,MGRC
06-12-2010,-0.0049697813049294215,1,MGRC
07-12-2010,-0.001426842951835261,1,MGRC
08-12-2010,-0.01178990935186941,0,MGRC
09-12-2010,0.007953744638745652,0,MGRC
10-12-2010,0.009684271622208307,1,MGRC
13-12-2010,-0.012788607609400371,0,MGRC
14-12-2010,0.004678086766586986,1,MGRC
15-12-2010,-0.021848213887651458,1,MGRC
16-12-2010,-0.002196881276966045,1,MGRC
17-12-2010,-0.021284491393789295,1,MGRC
20-12-2010,-0.015748080907935225,0,MGRC
21-12-2010,0.0011429461751351067,0,MGRC
22-12-2010,0.0,0,MGRC
23-12-2010,0.01445943038734221,1,MGRC
27-12-2010,-0.003751001606002724,1,MGRC
28-12-2010,-0.004518129821724282,1,MGRC
29-12-2010,-0.0003784092312864029,0,MGRC
30-12-2010,0.007189232012400293,1,MGRC
31-12-2010,-0.015026648441949786,0,MGRC
03-01-2011,0.020595082070054227,1,MGRC
04-01-2011,-0.050074483666558645,0,MGRC
05-01-2011,0.014161740237172538,1,MGRC
06-01-2011,-0.005042623722404271,0,MGRC
07-01-2011,0.0007802298543082564,0,MGRC
10-01-2011,0.01207593369437232,0,MGRC
11-01-2011,0.009237690946670263,0,MGRC
12-01-2011,0.0013467154474935406,0,MGRC
13-01-2011,0.0015364358194920325,0,MGRC
14-01-2011,0.003836191490745433,0,MGRC
18-01-2011,0.004585243232174463,1,MGRC
19-01-2011,-0.014454255032220087,1,MGRC
20-01-2011,-0.018139686744815475,1,MGRC
21-01-2011,-0.0015721706533308177,0,MGRC
24-01-2011,0.013779456230049725,1,MGRC
25-01-2011,-0.0015535454666274484,0,MGRC
26-01-2011,0.019058980365424416,1,MGRC
27-01-2011,-0.020610760747507673,1,MGRC
28-01-2011,-0.018316415432487854,0,MGRC
31-01-2011,0.001984742676629958,0,MGRC
01-02-2011,0.019810372552554245,0,MGRC
02-02-2011,0.003107490964938897,1,MGRC
03-02-2011,-0.010069665800760075,1,MGRC
04-02-2011,-0.00899852862924766,0,MGRC
07-02-2011,0.013817846026235703,0,MGRC
08-02-2011,0.017523057012630128,1,MGRC
09-02-2011,-0.010332990729250646,0,MGRC
10-02-2011,0.0003869850316997603,0,MGRC
11-02-2011,0.012756145620853587,1,MGRC
14-02-2011,-0.00839714885432885,1,MGRC
15-02-2011,-0.00038489814170139525,0,MGRC
16-02-2011,0.000769992860120583,0,MGRC
17-02-2011,0.0030781004777304943,0,MGRC
18-02-2011,0.007288117422962426,1,MGRC
22-02-2011,-0.017897818820570843,1,MGRC
23-02-2011,-0.02287699441108526,0,MGRC
24-02-2011,0.11071444811912157,0,MGRC
25-02-2011,0.0,1,MGRC
28-02-2011,-0.01714893869278966,1,MGRC
01-03-2011,-0.0392590579303812,0,MGRC
02-03-2011,0.003405692987748843,0,MGRC
03-03-2011,0.02186981871363325,1,MGRC
04-03-2011,-0.02287773003844218,0,MGRC
07-03-2011,0.00490919444212734,0,MGRC
08-03-2011,0.02442664450990195,1,MGRC
09-03-2011,-0.009537170608635015,1,MGRC
10-03-2011,-0.02740788716246423,1,MGRC
11-03-2011,-0.0019037733077219565,1,MGRC
14-03-2011,-0.01793175936928537,1,MGRC
15-03-2011,-0.013986328127557401,0,MGRC
16-03-2011,0.004728171992440355,0,MGRC
17-03-2011,0.005097759761310217,0,MGRC
18-03-2011,0.02653150220118028,0,MGRC
21-03-2011,0.02622614102179921,1,MGRC
22-03-2011,-0.0025927897936147692,1,MGRC
23-03-2011,-0.0029708499727023607,1,MGRC
24-03-2011,-0.0026070825355980487,1,MGRC
25-03-2011,-0.005227600740565497,1,MGRC
28-03-2011,-0.01614116269469057,0,MGRC
29-03-2011,0.008393252755390046,0,MGRC
30-03-2011,0.01967481954064776,0,MGRC
31-03-2011,0.011874103773612088,0,MGRC
01-04-2011,0.014668288585579115,1,MGRC
04-04-2011,-0.005782421154849948,1,MGRC
05-04-2011,-0.026899405502489926,0,MGRC
06-04-2011,0.01867755409421812,1,MGRC
07-04-2011,-0.008801334422852358,0,MGRC
08-04-2011,0.014059025905757805,1,MGRC
11-04-2011,-0.025902996914798804,1,MGRC
12-04-2011,-0.02584276678200026,0,MGRC
13-04-2011,0.0038791292936115607,0,MGRC
14-04-2011,0.022024315971198583,0,MGRC
15-04-2011,0.023440667310655527,1,MGRC
18-04-2011,-0.020687147791310867,0,MGRC
19-04-2011,0.00301798441485146,0,MGRC
20-04-2011,0.019179863819932308,0,MGRC
21-04-2011,0.011070075361586662,0,MGRC
25-04-2011,0.004014973503763342,0,MGRC
26-04-2011,0.01672080320982028,0,MGRC
27-04-2011,0.0025027899373548657,0,MGRC
28-04-2011,0.01640521650913973,1,MGRC
29-04-2011,-0.0038599187604763108,1,MGRC
02-05-2011,-0.015498144160030591,1,MGRC
03-05-2011,-0.013953735963795344,1,MGRC
04-05-2011,-0.024673152201205806,0,MGRC
05-05-2011,0.004464519161028413,1,MGRC
06-05-2011,-0.0074078882074709584,0,MGRC
09-05-2011,0.011194090672259183,0,MGRC
10-05-2011,0.02250919748543745,1,MGRC
11-05-2011,-0.005774021041273114,0,MGRC
12-05-2011,0.030489844941927746,1,MGRC
13-05-2011,-0.02324744252335942,1,MGRC
16-05-2011,-0.020194589008490804,1,MGRC
17-05-2011,-0.005521154542390216,0,MGRC
18-05-2011,0.01110304323698963,0,MGRC
19-05-2011,0.0032944863113650857,1,MGRC
20-05-2011,-0.01313420449699243,1,MGRC
23-05-2011,-0.0007394579271809976,1,MGRC
24-05-2011,-0.006289283063940498,0,MGRC
25-05-2011,0.006701911182671605,0,MGRC
26-05-2011,0.017381684604480085,1,MGRC
27-05-2011,-0.003998917954133763,0,MGRC
31-05-2011,0.0233577655473427,1,MGRC
01-06-2011,-0.03851649965473458,1,MGRC
02-06-2011,-0.008160522978033824,1,MGRC
03-06-2011,-0.025429584306731035,1,MGRC
06-06-2011,-0.0038372527577634763,0,MGRC
07-06-2011,0.0038520339857985864,0,MGRC
08-06-2011,0.009209505224639258,0,MGRC
09-06-2011,0.0011406219604217505,1,MGRC
10-06-2011,-0.01519210426332418,1,MGRC
13-06-2011,-0.004241893784977524,0,MGRC
14-06-2011,0.03756738175623897,1,MGRC
15-06-2011,-0.01343759999570282,0,MGRC
16-06-2011,0.01891816082186759,0,MGRC
17-06-2011,0.011882707287783845,1,MGRC
20-06-2011,-0.0014679665593690938,0,MGRC
21-06-2011,0.010290022625583983,1,MGRC
22-06-2011,-0.024008357560924787,0,MGRC
23-06-2011,0.016772307686413912,1,MGRC
24-06-2011,-0.009897194272117882,0,MGRC
27-06-2011,0.020362246659950012,0,MGRC
28-06-2011,0.016328054407702908,1,MGRC
29-06-2011,-0.00178482652504508,0,MGRC
30-06-2011,0.004291610405298796,0,MGRC
01-07-2011,0.02243586341199144,1,MGRC
05-07-2011,-0.013932264990140664,0,MGRC
06-07-2011,0.0031790963883253642,0,MGRC
07-07-2011,0.01725345234175446,1,MGRC
08-07-2011,-0.007269087893309267,1,MGRC
11-07-2011,-0.010808576185974306,0,MGRC
12-07-2011,0.0010573065014976013,0,MGRC
13-07-2011,0.007809543094995375,1,MGRC
14-07-2011,-0.013032417328960877,0,MGRC
15-07-2011,0.012847736084211858,1,MGRC
18-07-2011,-0.03276940431348674,0,MGRC
19-07-2011,0.002550161738975598,1,MGRC
20-07-2011,-0.00036324982446478415,0,MGRC
21-07-2011,0.009450799611416816,0,MGRC
22-07-2011,0.0,1,MGRC
25-07-2011,-0.011523114424907166,1,MGRC
26-07-2011,-0.030965559909719276,1,MGRC
27-07-2011,-0.025187837251123057,0,MGRC
28-07-2011,0.004242336310577022,1,MGRC
29-07-2011,-0.0003842868757319984,1,MGRC
01-08-2011,-0.0011526183854921879,1,MGRC
02-08-2011,-0.033461563987867815,0,MGRC
03-08-2011,0.019498443094337237,1,MGRC
04-08-2011,-0.03434766868085204,0,MGRC
05-08-2011,0.07841540756956267,1,MGRC
08-08-2011,-0.06409317599556774,0,MGRC
09-08-2011,0.0496598437385003,1,MGRC
10-08-2011,-0.07287323443178806,0,MGRC
11-08-2011,0.041975572036102804,0,MGRC
12-08-2011,0.007109130452508605,0,MGRC
15-08-2011,0.019999768103564852,1,MGRC
16-08-2011,-0.0119186994275986,1,MGRC
17-08-2011,-0.011283924669500789,1,MGRC
18-08-2011,-0.059818722814265146,1,MGRC
19-08-2011,-0.022603571116498578,1,MGRC
22-08-2011,-0.017130861508716566,0,MGRC
23-08-2011,0.04793027378779935,0,MGRC
24-08-2011,0.016632042411374393,1,MGRC
25-08-2011,-0.03640098556009552,0,MGRC
26-08-2011,0.011884992196542044,0,MGRC
29-08-2011,0.021812118746588727,1,MGRC
30-08-2011,-0.012315521436804588,1,MGRC
31-08-2011,-0.009143592895645147,1,MGRC
01-09-2011,-0.0251678704442706,1,MGRC
02-09-2011,-0.025817535928368662,1,MGRC
06-09-2011,-0.0030918459388660224,0,MGRC
07-09-2011,0.04829421069589124,1,MGRC
08-09-2011,-0.007185290719439408,0,MGRC
09-09-2011,0.00979125480949894,1,MGRC
12-09-2011,-0.008431662975902254,0,MGRC
13-09-2011,0.020408130090816323,0,MGRC
14-09-2011,0.013333099687605099,1,MGRC
15-09-2011,-0.0016440795685463971,0,MGRC
16-09-2011,0.007825361422877819,1,MGRC
19-09-2011,-0.021659384825472805,1,MGRC
20-09-2011,-0.015873320069455965,1,MGRC
21-09-2011,-0.02758905927707067,1,MGRC
22-09-2011,-0.02313368133299165,1,MGRC
23-09-2011,-0.004021575351436546,0,MGRC
26-09-2011,0.0506955969179923,0,MGRC
27-09-2011,0.03543929660999234,1,MGRC
28-09-2011,-0.05731924595285265,0,MGRC
29-09-2011,0.04986849277861505,1,MGRC
30-09-2011,-0.00874982011933989,1,MGRC
03-10-2011,-0.056326100915008226,0,MGRC
04-10-2011,0.07305128730009458,1,MGRC
05-10-2011,-0.00332113815718893,0,MGRC
06-10-2011,0.01999184916085528,1,MGRC
07-10-2011,-0.03103335584880018,0,MGRC
10-10-2011,0.04888338228588829,0,MGRC
11-10-2011,0.012856445185993826,0,MGRC
12-10-2011,0.019833609114676243,1,MGRC
13-10-2011,-0.004709694420083954,0,MGRC
14-10-2011,0.025236698638198662,1,MGRC
17-10-2011,-0.053461538013125365,0,MGRC
18-10-2011,0.04225921134368327,1,MGRC
19-10-2011,-0.0253411609359403,1,MGRC
20-10-2011,-0.0015997035011400262,0,MGRC
21-10-2011,0.02483968731106434,0,MGRC
24-10-2011,0.038311083171060245,1,MGRC
25-10-2011,-0.04969880348832123,0,MGRC
26-10-2011,0.03526125555390425,0,MGRC
27-10-2011,0.03712226307185573,1,MGRC
28-10-2011,-0.003689912043704724,1,MGRC
31-10-2011,-0.010370411119977274,1,MGRC
01-11-2011,-0.06062893597856156,0,MGRC
02-11-2011,0.026693414057234355,0,MGRC
03-11-2011,0.04540154159255283,0,MGRC
04-11-2011,0.03823296182245395,0,MGRC
07-11-2011,0.0010724693989483391,1,MGRC
08-11-2011,-0.0007139730498179064,1,MGRC
09-11-2011,-0.061830149456445715,0,MGRC
10-11-2011,0.023619197445955198,0,MGRC
11-11-2011,0.02530723315349448,1,MGRC
14-11-2011,-0.0029040978376468907,0,MGRC
15-11-2011,0.01747395775860161,1,MGRC
16-11-2011,-0.026833804156529695,1,MGRC
17-11-2011,-0.012500097513353792,0,MGRC
18-11-2011,0.007446141588416166,1,MGRC
21-11-2011,-0.02660755349861199,0,MGRC
22-11-2011,0.01670489162827793,1,MGRC
23-11-2011,-0.038461850464066805,1,MGRC
25-11-2011,-0.030679321885718425,0,MGRC
28-11-2011,0.04967927341781753,1,MGRC
29-11-2011,-0.020229210067255865,0,MGRC
30-11-2011,0.09037825765385543,1,MGRC
01-12-2011,-0.01679175430562796,0,MGRC
02-12-2011,0.006903890490165043,0,MGRC
05-12-2011,0.00613492626155554,0,MGRC
06-12-2011,0.004663064040614895,1,MGRC
07-12-2011,-0.0032129930201927337,1,MGRC
08-12-2011,-0.01790824179383521,0,MGRC
09-12-2011,0.023705067558728476,1,MGRC
12-12-2011,-0.004274953751145061,1,MGRC
13-12-2011,-0.02182470446682383,1,MGRC
14-12-2011,-0.003291823659959503,0,MGRC
15-12-2011,0.004770405741728823,0,MGRC
16-12-2011,0.000730601577837664,0,MGRC
19-12-2011,0.008029090622122537,0,MGRC
20-12-2011,0.0362057954332089,0,MGRC
21-12-2011,0.00733731230413559,0,MGRC
22-12-2011,0.012833928661707406,1,MGRC
23-12-2011,-0.0017122708476307036,0,MGRC
27-12-2011,0.00926236447883011,1,MGRC
28-12-2011,-0.023453292571777418,0,MGRC
29-12-2011,0.009049413704415255,0,MGRC
30-12-2011,0.0,0,MGRC
03-01-2012,0.008968517650228547,1,MGRC
04-01-2012,-0.006153743583481308,1,MGRC
05-01-2012,-0.0010318875408551476,0,MGRC
06-01-2012,0.0024106306087197105,0,MGRC
09-01-2012,0.0,0,MGRC
10-01-2012,0.021641939017908562,0,MGRC
11-01-2012,0.006388961982877417,0,MGRC
12-01-2012,0.0016831676399691187,0,MGRC
13-01-2012,0.0070588913315960955,0,MGRC
17-01-2012,0.0036714536737709746,0,MGRC
18-01-2012,0.018290783935040134,1,MGRC
19-01-2012,-0.0006531857767096971,0,MGRC
20-01-2012,0.005882760114961583,1,MGRC
23-01-2012,-0.002274387673157574,0,MGRC
24-01-2012,0.016280886927320548,0,MGRC
25-01-2012,0.0012819972234905386,1,MGRC
26-01-2012,-0.0003199686336088359,0,MGRC
27-01-2012,0.010883378435347701,0,MGRC
30-01-2012,0.000950113410362663,0,MGRC
31-01-2012,0.007276178374375775,0,MGRC
01-02-2012,0.016017276347398024,0,MGRC
02-02-2012,0.00711012680698575,0,MGRC
03-02-2012,0.017495140196090997,1,MGRC
06-02-2012,-0.020814483059517608,1,MGRC
07-02-2012,-0.008010000647126092,1,MGRC
08-02-2012,-0.008695658266227313,1,MGRC
09-02-2012,-0.013471038821410097,1,MGRC
10-02-2012,-0.01492510581614892,0,MGRC
13-02-2012,0.033204033294941926,1,MGRC
14-02-2012,-0.01622431291234583,1,MGRC
15-02-2012,-0.021567029336922117,0,MGRC
16-02-2012,0.034035411590060294,0,MGRC
17-02-2012,0.007210427220229132,1,MGRC
21-02-2012,-0.00498006149830621,1,MGRC
22-02-2012,-0.0003126842547639397,0,MGRC
23-02-2012,0.01408021212709687,0,MGRC
24-02-2012,0.013575654528332537,1,MGRC
27-02-2012,-0.0009130002692072647,1,MGRC
28-02-2012,-0.013711185037644458,1,MGRC
29-02-2012,-0.019153367566860813,0,MGRC
01-03-2012,0.022362145394130284,1,MGRC
02-03-2012,-0.03419590562213615,0,MGRC
05-03-2012,0.00956924026564887,1,MGRC
06-03-2012,-0.018641309254721405,1,MGRC
07-03-2012,-0.0035414279358314538,0,MGRC
08-03-2012,0.009693075292992459,0,MGRC
09-03-2012,0.012479979901895089,1,MGRC
12-03-2012,-0.0022124894622138624,0,MGRC
13-03-2012,0.02344006188095027,1,MGRC
14-03-2012,-0.010523268073586056,0,MGRC
15-03-2012,0.000938444795704596,0,MGRC
16-03-2012,0.0006252521825664825,0,MGRC
19-03-2012,0.019050525241405714,0,MGRC
20-03-2012,0.00030635958087743553,0,MGRC
21-03-2012,0.0021447050391236733,1,MGRC
22-03-2012,-0.0009169841933259759,0,MGRC
23-03-2012,0.002141849267933038,0,MGRC
26-03-2012,0.003664145578165412,1,MGRC
27-03-2012,-0.006084741483134981,1,MGRC
28-03-2012,-0.011019202370167736,1,MGRC
29-03-2012,-0.008047186743049828,0,MGRC
30-03-2012,0.0018722827693671285,0,MGRC
02-04-2012,0.0018684716198793527,1,MGRC
03-04-2012,-0.006217142607802595,1,MGRC
04-04-2012,-0.02220810909136539,1,MGRC
05-04-2012,-0.0006397325728602077,1,MGRC
09-04-2012,-0.021767238301198644,1,MGRC
10-04-2012,-0.0281410705227938,0,MGRC
11-04-2012,0.010100525872828392,0,MGRC
12-04-2012,0.0065515457336493554,1,MGRC
13-04-2012,-0.007676702877780106,1,MGRC
16-04-2012,-0.007736425159568516,0,MGRC
17-04-2012,0.012542218102117308,1,MGRC
18-04-2012,-0.018412892371762468,1,MGRC
19-04-2012,-0.02523868580874955,0,MGRC
20-04-2012,0.01014697740925663,1,MGRC
23-04-2012,-0.013162818616741956,0,MGRC
24-04-2012,0.009477363985493037,0,MGRC
25-04-2012,0.017037421240991613,0,MGRC
26-04-2012,0.0030768390973088255,0,MGRC
27-04-2012,0.006135141455875903,1,MGRC
30-04-2012,-0.0033873755956467244,0,MGRC
01-05-2012,0.0003399142513256237,1,MGRC
02-05-2012,-0.005097065739353868,1,MGRC
03-05-2012,-0.022199224524190986,1,MGRC
04-05-2012,-0.07963695351310707,0,MGRC
07-05-2012,0.00417450091500382,0,MGRC
08-05-2012,0.02305402965692771,1,MGRC
09-05-2012,-0.023642786754725642,0,MGRC
10-05-2012,0.03329549020650302,1,MGRC
11-05-2012,-0.014646605062925255,1,MGRC
14-05-2012,-0.02601253136723436,1,MGRC
15-05-2012,-0.012209041549246846,1,MGRC
16-05-2012,-0.010042767206665748,1,MGRC
17-05-2012,-0.019117788473434594,1,MGRC
18-05-2012,-0.0035801503564223403,0,MGRC
21-05-2012,0.007984155394524572,1,MGRC
22-05-2012,-0.01544577657486279,1,MGRC
23-05-2012,-0.0004022638823054647,1,MGRC
24-05-2012,-0.004024057474525833,1,MGRC
25-05-2012,-0.0036362642471929885,0,MGRC
29-05-2012,0.027980305602031574,1,MGRC
30-05-2012,-0.01577904490643478,0,MGRC
31-05-2012,0.01202428521047505,1,MGRC
01-06-2012,-0.020594237439084173,0,MGRC
04-06-2012,0.01819642777228303,0,MGRC
05-06-2012,0.012708657749634256,0,MGRC
06-06-2012,0.058823414670684526,1,MGRC
07-06-2012,-0.018518668626310464,0,MGRC
08-06-2012,0.0,1,MGRC
11-06-2012,-0.028679208097340814,1,MGRC
12-06-2012,-0.0003882214500948722,1,MGRC
13-06-2012,-0.009327989429470995,0,MGRC
14-06-2012,0.004315539493660037,1,MGRC
15-06-2012,-0.002733966025648682,1,MGRC
18-06-2012,-0.0050922868619213135,0,MGRC
19-06-2012,0.005905578693153002,1,MGRC
20-06-2012,-0.0035227976333761513,1,MGRC
21-06-2012,-0.06048649344575219,0,MGRC
22-06-2012,0.02257472915014147,1,MGRC
25-06-2012,-0.011447175369010298,0,MGRC
26-06-2012,0.006617018287260468,0,MGRC
27-06-2012,0.025061613350172207,0,MGRC
28-06-2012,0.027254375299164302,0,MGRC
29-06-2012,0.033944581032344434,0,MGRC
02-07-2012,0.010188778407091315,0,MGRC
03-07-2012,0.024281221098457095,1,MGRC
05-07-2012,-0.008752978156737257,1,MGRC
06-07-2012,-0.00404674925966042,0,MGRC
09-07-2012,0.005910398100205327,1,MGRC
10-07-2012,-0.005141531397098387,1,MGRC
11-07-2012,-0.0007379332580770281,1,MGRC
12-07-2012,-0.01699299171504276,0,MGRC
13-07-2012,0.015355268452000637,1,MGRC
16-07-2012,-0.007094794861504328,1,MGRC
17-07-2012,-0.001128508604449352,0,MGRC
18-07-2012,0.011671955324684014,1,MGRC
19-07-2012,-0.011537292561340284,0,MGRC
20-07-2012,0.0015062234155605037,1,MGRC
23-07-2012,-0.01315817396928276,1,MGRC
24-07-2012,-0.007999627378339036,1,MGRC
25-07-2012,-0.0065285936232094555,1,MGRC
26-07-2012,-0.015075297878418437,0,MGRC
27-07-2012,0.026294956313578588,0,MGRC
30-07-2012,0.007648064417454137,0,MGRC
31-07-2012,0.00986731014296538,1,MGRC
01-08-2012,-0.11273920292463657,1,MGRC
02-08-2012,-0.0042356866387468495,0,MGRC
03-08-2012,0.007230950784469892,0,MGRC
06-08-2012,0.009712689559215004,0,MGRC
07-08-2012,0.010874260613991993,1,MGRC
08-08-2012,-0.019445638270291776,0,MGRC
09-08-2012,0.012658288411189211,0,MGRC
10-08-2012,0.052083100095171364,0,MGRC
13-08-2012,0.006336691040232489,1,MGRC
14-08-2012,-0.007870890771527583,0,MGRC
15-08-2012,0.017850146304259296,0,MGRC
16-08-2012,0.0077941093966988895,0,MGRC
17-08-2012,0.0034805242491391386,1,MGRC
20-08-2012,-0.0019269178983837287,1,MGRC
21-08-2012,-0.012355417478951192,1,MGRC
22-08-2012,-0.016418986010697467,1,MGRC
23-08-2012,-0.0011921591434483902,1,MGRC
24-08-2012,-0.0015920313289791155,1,MGRC
27-08-2012,-0.007174189227997063,0,MGRC
28-08-2012,0.00602220306390544,0,MGRC
29-08-2012,0.010374746412793456,1,MGRC
30-08-2012,-0.004344406357763564,1,MGRC
31-08-2012,-0.001190087978116705,0,MGRC
04-09-2012,0.014694359284818326,1,MGRC
05-09-2012,-0.006262479613897032,0,MGRC
06-09-2012,0.03072069750720252,0,MGRC
07-09-2012,0.00917089070634658,0,MGRC
10-09-2012,0.001893262872045165,1,MGRC
11-09-2012,-0.0022674545509931976,0,MGRC
12-09-2012,0.0094697118245064,0,MGRC
13-09-2012,0.01951236973855308,1,MGRC
14-09-2012,-0.002208473472325112,1,MGRC
17-09-2012,-0.004057556858670486,0,MGRC
18-09-2012,0.010000249243891757,1,MGRC
19-09-2012,-0.0080679503783041,1,MGRC
20-09-2012,-0.0059146620630528,0,MGRC
21-09-2012,0.010041065209308364,1,MGRC
24-09-2012,-0.01251865463875268,1,MGRC
25-09-2012,-0.002237110557562594,1,MGRC
26-09-2012,-0.005979034551776619,1,MGRC
27-09-2012,-0.006014998435249663,1,MGRC
28-09-2012,-0.013237706079609501,0,MGRC
01-10-2012,0.021847483433665937,1,MGRC
02-10-2012,-0.0018755088903597006,1,MGRC
03-10-2012,-0.012401117785653448,1,MGRC
04-10-2012,-0.0003806381081781218,1,MGRC
05-10-2012,-0.0026645429894960326,1,MGRC
08-10-2012,-0.0011454011166671663,1,MGRC
09-10-2012,-0.007642126340741906,0,MGRC
10-10-2012,0.00731608115015403,0,MGRC
11-10-2012,0.004969299011850614,1,MGRC
12-10-2012,-0.0030424474299252102,0,MGRC
15-10-2012,0.0013471712131969404,0,MGRC
16-10-2012,0.0026912811095436417,0,MGRC
17-10-2012,0.01495396804759408,1,MGRC
18-10-2012,-0.01586706968381313,1,MGRC
19-10-2012,-0.008829122788558075,0,MGRC
22-10-2012,0.002323544102065034,0,MGRC
23-10-2012,0.0019321757144326046,1,MGRC
24-10-2012,-0.009255879797547162,0,MGRC
25-10-2012,0.0019463707716502743,1,MGRC
26-10-2012,-0.003496528716977698,0,MGRC
31-10-2012,0.023781837971299735,0,MGRC
01-11-2012,0.004569782113436283,1,MGRC
02-11-2012,-0.021986434881141492,1,MGRC
05-11-2012,-0.005039005731647728,0,MGRC
06-11-2012,0.036618719721882576,1,MGRC
07-11-2012,-0.028936678620679057,0,MGRC
08-11-2012,0.0015481146468947493,1,MGRC
09-11-2012,-0.003090971408915677,1,MGRC
12-11-2012,-0.0011628620439025905,1,MGRC
13-11-2012,-0.0015521298249050464,0,MGRC
14-11-2012,0.0003885169873640848,0,MGRC
15-11-2012,0.001165572844743723,0,MGRC
16-11-2012,0.004656579070980271,0,MGRC
19-11-2012,0.013904798821497089,0,MGRC
20-11-2012,0.004952717084342639,0,MGRC
21-11-2012,0.008339544883881889,0,MGRC
23-11-2012,0.00037580985784502197,0,MGRC
26-11-2012,0.010898431105880624,0,MGRC
27-11-2012,0.011152281989874169,0,MGRC
28-11-2012,0.018382463227798684,0,MGRC
29-11-2012,0.01588436197884735,1,MGRC
30-11-2012,-0.004264480433889717,1,MGRC
03-12-2012,-0.0003568517497635204,0,MGRC
04-12-2012,0.029275167508949984,1,MGRC
05-12-2012,-0.017689723560467607,0,MGRC
06-12-2012,0.0007058841999687537,1,MGRC
07-12-2012,-0.0010584673248318355,0,MGRC
10-12-2012,0.004592242090556198,0,MGRC
11-12-2012,0.01793264439461173,1,MGRC
12-12-2012,-0.021761808000377858,0,MGRC
13-12-2012,0.01730205589743683,1,MGRC
14-12-2012,-0.005206591499727686,1,MGRC
17-12-2012,-0.0059315227784897395,0,MGRC
18-12-2012,0.003510247991384663,0,MGRC
19-12-2012,0.00839428881774329,0,MGRC
20-12-2012,0.0045093279859067525,1,MGRC
21-12-2012,-0.00034510011404098595,0,MGRC
24-12-2012,0.001727024481791517,1,MGRC
26-12-2012,-0.015517518207961545,0,MGRC
27-12-2012,0.0063048599095432145,1,MGRC
28-12-2012,-0.009397909013499683,0,MGRC
31-12-2012,0.022487825818320983,0,MGRC
02-01-2013,0.03505159866583152,1,MGRC
03-01-2013,-0.012616218446882321,0,MGRC
04-01-2013,0.005716037483064262,1,MGRC
07-01-2013,-0.021063014828229254,1,MGRC
08-01-2013,-0.0003417456779726269,0,MGRC
09-01-2013,0.004441541803249516,0,MGRC
10-01-2013,0.0,1,MGRC
11-01-2013,-0.01802720995167184,0,MGRC
14-01-2013,0.006581235419104825,0,MGRC
15-01-2013,0.004336610632707405,1,MGRC
16-01-2013,-0.006562958507501104,0,MGRC
17-01-2013,0.0034769771068181576,1,MGRC
18-01-2013,-0.0003465181516902893,0,MGRC
22-01-2013,0.006239320840972784,1,MGRC
23-01-2013,-0.0003446558353972229,0,MGRC
24-01-2013,0.003445993123878832,0,MGRC
25-01-2013,0.0,0,MGRC
28-01-2013,0.02506838735489869,0,MGRC
29-01-2013,0.014405535627467714,1,MGRC
30-01-2013,-0.006274611546991382,1,MGRC
31-01-2013,-0.0066467453287318845,1,MGRC
01-02-2013,-0.0003347393629655748,1,MGRC
04-02-2013,-0.02543492370066247,0,MGRC
05-02-2013,0.015109667329521681,1,MGRC
06-02-2013,-0.009810568808380271,1,MGRC
07-02-2013,-0.002733066503431636,1,MGRC
08-02-2013,-0.0006849523741847552,0,MGRC
11-02-2013,0.003085436741901093,0,MGRC
12-02-2013,0.0013669583330295776,0,MGRC
13-02-2013,0.0010237778801454045,1,MGRC
14-02-2013,-0.0034094883214614846,0,MGRC
15-02-2013,0.002052791102018503,0,MGRC
19-02-2013,0.012632118353688826,1,MGRC
20-02-2013,-0.014497569127974175,1,MGRC
21-02-2013,-0.009579194404258251,0,MGRC
22-02-2013,0.04490505648632448,1,MGRC
25-02-2013,-0.0446283079775327,0,MGRC
26-02-2013,0.013148712333085788,0,MGRC
27-02-2013,0.006147858453764643,0,MGRC
28-02-2013,0.0010180531914492086,0,MGRC
01-03-2013,0.008138443265122586,0,MGRC
04-03-2013,0.0006726743037843708,0,MGRC
05-03-2013,0.006050732121807734,0,MGRC
06-03-2013,0.008018716464539777,0,MGRC
07-03-2013,0.006960351297748968,0,MGRC
08-03-2013,0.011850032315877002,1,MGRC
11-03-2013,-0.000650809132485497,0,MGRC
12-03-2013,0.000325616480421953,0,MGRC
13-03-2013,0.007159259397400364,1,MGRC
14-03-2013,-0.003554223517722943,0,MGRC
15-03-2013,0.005187941177718258,0,MGRC
18-03-2013,0.001290467215731006,1,MGRC
19-03-2013,-0.0012888040563486802,0,MGRC
20-03-2013,0.006774151665737804,1,MGRC
21-03-2013,-0.0009611246470512258,0,MGRC
22-03-2013,0.011546145880837466,0,MGRC
25-03-2013,0.010145674226553103,1,MGRC
26-03-2013,-0.0025111144728526824,1,MGRC
27-03-2013,-0.007551621888060245,1,MGRC
28-03-2013,-0.013950791847381683,1,MGRC
01-04-2013,-0.011897094584749746,1,MGRC
02-04-2013,-0.005532101224614894,1,MGRC
03-04-2013,-0.009162299409671948,0,MGRC
04-04-2013,0.004293323745131694,1,MGRC
05-04-2013,-0.007234515435678102,0,MGRC
08-04-2013,0.01788675481018509,1,MGRC
09-04-2013,-0.026684211219403564,0,MGRC
10-04-2013,0.004680707303280851,1,MGRC
11-04-2013,-0.003992986046684188,0,MGRC
12-04-2013,0.0,1,MGRC
15-04-2013,-0.020882521103952056,0,MGRC
16-04-2013,0.02029569816897414,1,MGRC
17-04-2013,-0.03944697278830245,1,MGRC
18-04-2013,-0.00070206025703623,0,MGRC
19-04-2013,0.01194222732337824,0,MGRC
22-04-2013,0.011454287519103712,0,MGRC
23-04-2013,0.027797188159534247,0,MGRC
24-04-2013,0.0040065359828584945,0,MGRC
25-04-2013,0.011972122762741177,0,MGRC
26-04-2013,0.0016428993421213622,0,MGRC
29-04-2013,0.016404412417069913,0,MGRC
30-04-2013,0.0025825303661080046,1,MGRC
01-05-2013,-0.05988459936172641,0,MGRC
02-05-2013,0.0027401240983322417,0,MGRC
03-05-2013,0.02083317085232772,0,MGRC
06-05-2013,0.02040816818899538,0,MGRC
07-05-2013,0.013770715990695903,1,MGRC
08-05-2013,-0.005821579367334961,0,MGRC
09-05-2013,0.00032529754559873503,0,MGRC
10-05-2013,0.005853608049496639,1,MGRC
13-05-2013,-0.009052691101357868,0,MGRC
14-05-2013,0.019249461800585843,0,MGRC
15-05-2013,0.018886071932643578,1,MGRC
16-05-2013,-0.01225253829819728,0,MGRC
17-05-2013,0.031170608114178044,0,MGRC
20-05-2013,0.02498473181640337,0,MGRC
21-05-2013,0.0006016273959574825,1,MGRC
22-05-2013,-0.0027068883052709936,1,MGRC
23-05-2013,-0.004221660748478739,1,MGRC
24-05-2013,-0.014536784275996584,0,MGRC
28-05-2013,0.019668292763644457,1,MGRC
29-05-2013,-0.012356982389083337,0,MGRC
30-05-2013,0.010070123515327323,1,MGRC
31-05-2013,-0.0021148742280912014,0,MGRC
03-06-2013,0.015440474190893783,0,MGRC
04-06-2013,0.00417411690609093,1,MGRC
05-06-2013,-0.011282477455992201,1,MGRC
06-06-2013,-0.007507602887112053,1,MGRC
07-06-2013,-0.0024207076949820383,0,MGRC
10-06-2013,0.010009330707301034,1,MGRC
11-06-2013,-0.00360347614176848,1,MGRC
12-06-2013,-0.004219911514362185,0,MGRC
13-06-2013,0.012409567001993027,1,MGRC
14-06-2013,-0.008370765895077348,0,MGRC
17-06-2013,0.016279703609055174,0,MGRC
18-06-2013,0.0014832584537745053,0,MGRC
19-06-2013,0.0011848635655344886,1,MGRC
20-06-2013,-0.0044377132804828134,1,MGRC
21-06-2013,-0.0014861171909555937,1,MGRC
24-06-2013,-0.001488114400735041,0,MGRC
25-06-2013,0.004769048664242881,1,MGRC
26-06-2013,-0.0017796819618914883,0,MGRC
27-06-2013,0.0213965444132167,1,MGRC
28-06-2013,-0.006109904140484401,0,MGRC
01-07-2013,0.026639388386314744,1,MGRC
02-07-2013,-0.008554565720488183,0,MGRC
03-07-2013,0.0020136430243069547,0,MGRC
05-07-2013,0.006601441773484096,1,MGRC
08-07-2013,-0.0028514076704860836,0,MGRC
09-07-2013,0.0,1,MGRC
10-07-2013,-0.0008581227636584865,1,MGRC
11-07-2013,-0.001144710647707825,1,MGRC
12-07-2013,-0.005730525813504528,0,MGRC
15-07-2013,0.0,0,MGRC
16-07-2013,0.0031917374904499862,0,MGRC
17-07-2013,0.005496421504916693,0,MGRC
18-07-2013,0.004027570456214935,0,MGRC
19-07-2013,0.004584532002702257,0,MGRC
22-07-2013,0.009412641348093276,1,MGRC
23-07-2013,-0.0031082674139297772,0,MGRC
24-07-2013,0.0005666063567630886,0,MGRC
25-07-2013,0.015580966044915767,1,MGRC
26-07-2013,-0.008926089287927153,1,MGRC
29-07-2013,-0.016887254435937082,1,MGRC
30-07-2013,-0.0005725572451316108,1,MGRC
31-07-2013,-0.019192203071343283,1,MGRC
01-08-2013,-0.03241833663342297,0,MGRC
02-08-2013,0.003320446545047151,0,MGRC
05-08-2013,0.017448712131690636,1,MGRC
06-08-2013,-0.00354809440268844,0,MGRC
07-08-2013,0.001483636751038686,0,MGRC
08-08-2013,0.008888845193496753,0,MGRC
09-08-2013,0.013215829690993885,1,MGRC
12-08-2013,-0.0008695402479784731,1,MGRC
13-08-2013,-0.006672415553073852,0,MGRC
14-08-2013,0.0005840256131868227,1,MGRC
15-08-2013,-0.033566783998189464,0,MGRC
16-08-2013,0.006644831811098539,1,MGRC
19-08-2013,-0.0036006134500491394,0,MGRC
20-08-2013,0.025895715015810117,1,MGRC
21-08-2013,-0.017023705935112377,0,MGRC
22-08-2013,0.02299184603152038,0,MGRC
23-08-2013,0.014010663098457998,0,MGRC
26-08-2013,0.016407538071515848,1,MGRC
27-08-2013,-0.020957511213149704,1,MGRC
28-08-2013,-0.0078096030420556906,0,MGRC
29-08-2013,0.01895016309421127,1,MGRC
30-08-2013,-0.053504895642900396,0,MGRC
03-09-2013,0.011487114592743097,0,MGRC
04-09-2013,0.012552153494685525,0,MGRC
05-09-2013,0.005313139345407558,1,MGRC
06-09-2013,-0.005578509949469956,0,MGRC
09-09-2013,0.023029129399532833,0,MGRC
10-09-2013,0.01673881811070821,1,MGRC
11-09-2013,-0.0017030450247188522,0,MGRC
12-09-2013,0.0014216252791243722,1,MGRC
13-09-2013,-0.004542810593027857,0,MGRC
16-09-2013,0.019680525513042113,0,MGRC
17-09-2013,0.02769231200687261,0,MGRC
18-09-2013,0.015786479077897653,1,MGRC
19-09-2013,-0.009914162881490829,1,MGRC
20-09-2013,-0.01840310618394181,1,MGRC
23-09-2013,-0.005238469384706179,0,MGRC
24-09-2013,0.007483352409025423,1,MGRC
25-09-2013,-0.0013754760726595316,0,MGRC
26-09-2013,0.006335839058403181,1,MGRC
27-09-2013,-0.029017132488209918,0,MGRC
30-09-2013,0.006484435396614252,0,MGRC
01-10-2013,0.021568472477931033,1,MGRC
02-10-2013,-0.021113095263809667,1,MGRC
03-10-2013,-0.017647017130272502,0,MGRC
04-10-2013,0.013116584785717311,1,MGRC
07-10-2013,-0.014354324158773246,1,MGRC
08-10-2013,-0.015705202443740407,1,MGRC
09-10-2013,-0.011023831331772538,0,MGRC
10-10-2013,0.005279847682696515,0,MGRC
11-10-2013,0.02276019661308082,0,MGRC
14-10-2013,0.00542094549271499,1,MGRC
15-10-2013,-0.006242862807806171,1,MGRC
16-10-2013,-0.0025698182818101323,1,MGRC
17-10-2013,-0.031421214469228076,0,MGRC
18-10-2013,0.015178626362678305,0,MGRC
21-10-2013,0.0008796250862179722,0,MGRC
22-10-2013,0.022261149601780605,1,MGRC
23-10-2013,-0.0011461718620615624,0,MGRC
24-10-2013,0.0031553344411721085,0,MGRC
25-10-2013,0.003717653573368951,0,MGRC
28-10-2013,0.004843187077269606,0,MGRC
29-10-2013,0.012191772590169236,1,MGRC
30-10-2013,-0.026330622727465447,0,MGRC
31-10-2013,0.02617922384091309,1,MGRC
01-11-2013,-0.004204781534133506,0,MGRC
04-11-2013,0.01689194758675372,1,MGRC
05-11-2013,-0.005537160270279506,1,MGRC
06-11-2013,-0.0013920142824850323,1,MGRC
07-11-2013,-0.017284615131430536,0,MGRC
08-11-2013,0.018156258886049548,1,MGRC
11-11-2013,-0.0025080630703649964,0,MGRC
12-11-2013,0.00307268387347559,0,MGRC
13-11-2013,0.01169615120413292,1,MGRC
14-11-2013,-0.0008261351576693832,0,MGRC
15-11-2013,0.014600590959507054,0,MGRC
18-11-2013,0.0010862380303808816,0,MGRC
19-11-2013,0.018443244867074382,0,MGRC
20-11-2013,0.0007988521480175592,0,MGRC
21-11-2013,0.026609946523477257,0,MGRC
22-11-2013,0.03680647730289355,1,MGRC
25-11-2013,-0.02424988774572079,0,MGRC
26-11-2013,0.005636856480498942,1,MGRC
27-11-2013,-0.0035670333301018875,1,MGRC
29-11-2013,-0.005625204923634941,1,MGRC
02-12-2013,-0.020828019653503338,0,MGRC
03-12-2013,0.027048411355792945,1,MGRC
04-12-2013,-0.029660000585561064,0,MGRC
05-12-2013,0.008695378935809517,0,MGRC
06-12-2013,0.015413307738313176,0,MGRC
09-12-2013,0.004630341195362098,1,MGRC
10-12-2013,-0.008706516139270759,0,MGRC
11-12-2013,0.0005168335295675508,0,MGRC
12-12-2013,0.008004118820957418,1,MGRC
13-12-2013,-0.0033301401702446887,0,MGRC
16-12-2013,0.007453098941571534,1,MGRC
17-12-2013,-0.003316367060073544,0,MGRC
18-12-2013,0.0035833466068977415,1,MGRC
19-12-2013,-0.009946442928031596,0,MGRC
20-12-2013,0.0074704392570159595,0,MGRC
23-12-2013,0.009460629778785812,1,MGRC
24-12-2013,-0.00506579236946747,0,MGRC
26-12-2013,0.009928051127698012,0,MGRC
27-12-2013,0.0032772562100327196,1,MGRC
30-12-2013,-0.002010121012310906,0,MGRC
31-12-2013,0.0020141697372220158,1,MGRC
02-01-2014,-0.030653005198223227,0,MGRC
03-01-2014,0.0005182063534201475,1,MGRC
06-01-2014,-0.0036267326246803844,0,MGRC
07-01-2014,0.009620273857392059,1,MGRC
08-01-2014,-0.010301185837307325,1,MGRC
09-01-2014,-0.009107616336387347,0,MGRC
10-01-2014,0.001838253032694137,1,MGRC
13-01-2014,-0.010222743390218558,0,MGRC
14-01-2014,0.014830524835732772,1,MGRC
15-01-2014,-0.004464367190597729,1,MGRC
16-01-2014,-0.013452726414911464,0,MGRC
17-01-2014,0.004545033074370597,0,MGRC
21-01-2014,0.016768810490312314,0,MGRC
22-01-2014,0.015445057207958524,0,MGRC
23-01-2014,0.0028364169898595915,1,MGRC
24-01-2014,-0.02699281079559812,1,MGRC
27-01-2014,-0.003698523727541314,1,MGRC
28-01-2014,-0.010607170651274589,1,MGRC
29-01-2014,-0.016617864077596356,0,MGRC
30-01-2014,0.014445454619588682,1,MGRC
31-01-2014,-0.016120539332061368,1,MGRC
03-02-2014,-0.029491748060655798,1,MGRC
04-02-2014,-0.002251282711445368,1,MGRC
05-02-2014,-0.010715960897336285,0,MGRC
06-02-2014,0.002565081169590977,0,MGRC
07-02-2014,0.0019904797260446028,0,MGRC
10-02-2014,0.004824352430430334,0,MGRC
11-02-2014,0.01270814342706239,1,MGRC
12-02-2014,-0.0013945451977308565,0,MGRC
13-02-2014,0.024853582740200553,1,MGRC
14-02-2014,-0.0008176272658312334,0,MGRC
18-02-2014,0.0065452784423987165,1,MGRC
19-02-2014,-0.020591052166811452,0,MGRC
20-02-2014,0.01078859180026348,1,MGRC
21-02-2014,-0.007388932931908454,1,MGRC
24-02-2014,-0.00027592505205265017,1,MGRC
25-02-2014,-0.005515800971682805,1,MGRC
26-02-2014,-0.003050500243624521,0,MGRC
27-02-2014,0.0036163345817237236,1,MGRC
28-02-2014,-0.10282723273396233,0,MGRC
03-03-2014,0.00834116202762547,0,MGRC
04-03-2014,0.03492644352152996,1,MGRC
05-03-2014,-0.003848295999722251,0,MGRC
06-03-2014,0.008320442472455003,0,MGRC
07-03-2014,0.006484209134717256,0,MGRC
10-03-2014,0.006734937470016744,1,MGRC
11-03-2014,-0.017742538613616188,0,MGRC
12-03-2014,0.008883160907896981,1,MGRC
13-03-2014,-0.033460229907439354,1,MGRC
14-03-2014,-0.003340378813308842,0,MGRC
17-03-2014,0.038391321840792525,1,MGRC
18-03-2014,-0.01056353435946622,0,MGRC
19-03-2014,0.002372584081448359,0,MGRC
20-03-2014,0.012129814885225354,0,MGRC
21-03-2014,0.006138458648232037,1,MGRC
24-03-2014,-0.014526075568118135,0,MGRC
25-03-2014,0.0014740262175665375,1,MGRC
26-03-2014,-0.013835854866596997,0,MGRC
27-03-2014,0.003582213156240188,0,MGRC
28-03-2014,0.006246111333907178,0,MGRC
31-03-2014,0.03340254286714095,0,MGRC
01-04-2014,0.015446147924299991,0,MGRC
02-04-2014,0.0,1,MGRC
03-04-2014,-0.0033803979655762095,1,MGRC
04-04-2014,-0.022894381577154732,1,MGRC
07-04-2014,-0.023141049051712992,0,MGRC
08-04-2014,0.00829115481789433,0,MGRC
09-04-2014,0.0067547858046268505,1,MGRC
10-04-2014,-0.04346561849433861,1,MGRC
11-04-2014,-0.013723630185778712,0,MGRC
14-04-2014,0.016357527642506087,1,MGRC
15-04-2014,-0.0052114183452476315,0,MGRC
16-04-2014,0.00893707145715994,0,MGRC
17-04-2014,0.015271801561843601,0,MGRC
21-04-2014,0.005114001162547899,0,MGRC
22-04-2014,0.0,1,MGRC
23-04-2014,-0.01586339414940241,1,MGRC
24-04-2014,-0.004257676311075764,1,MGRC
25-04-2014,-0.026267792904961507,1,MGRC
28-04-2014,-0.010664990827892296,1,MGRC
29-04-2014,-0.016169753164209766,0,MGRC
30-04-2014,0.017724483870362517,1,MGRC
01-05-2014,-0.025649129672829174,0,MGRC
02-05-2014,0.021449549082211528,1,MGRC
05-05-2014,-0.01431760368230306,1,MGRC
06-05-2014,-0.02324069376809279,0,MGRC
07-05-2014,0.013879573092406616,0,MGRC
08-05-2014,0.10299876338475777,0,MGRC
09-05-2014,0.022754007794844044,0,MGRC
12-05-2014,0.018780579941746867,1,MGRC
13-05-2014,-0.04537712420246576,1,MGRC
14-05-2014,-0.010100731557553533,1,MGRC
15-05-2014,-0.015306152163495956,0,MGRC
16-05-2014,0.005486231119769425,0,MGRC
19-05-2014,0.0009092764625673322,0,MGRC
20-05-2014,0.003634014140105224,1,MGRC
21-05-2014,-0.003319253128537869,0,MGRC
22-05-2014,0.0027248097202388077,0,MGRC
23-05-2014,0.022041027356253462,0,MGRC
27-05-2014,0.002068180113394602,0,MGRC
28-05-2014,0.002653108250276981,0,MGRC
29-05-2014,0.007644994837203267,0,MGRC
30-05-2014,0.00029165782880902213,1,MGRC
02-06-2014,-0.0011668367905794952,1,MGRC
03-06-2014,-0.0011682681730262878,0,MGRC
04-06-2014,0.00029218647294193545,0,MGRC
05-06-2014,0.023092801429532406,0,MGRC
06-06-2014,0.007428417098920059,0,MGRC
09-06-2014,0.008224845373450806,1,MGRC
10-06-2014,-0.006188337928735743,1,MGRC
11-06-2014,-0.007075990814083388,1,MGRC
12-06-2014,-0.005131287034625953,1,MGRC
13-06-2014,-0.012607587450508495,1,MGRC
16-06-2014,-0.001741045043612277,0,MGRC
17-06-2014,0.007848672904879672,1,MGRC
18-06-2014,-0.00028815806572501934,0,MGRC
19-06-2014,0.017599370335138254,0,MGRC
20-06-2014,0.01077380394442451,0,MGRC
23-06-2014,0.0030856870031255035,0,MGRC
24-06-2014,0.002796558584675868,0,MGRC
25-06-2014,0.011433503831064451,1,MGRC
26-06-2014,-0.0038600513659312607,0,MGRC
27-06-2014,0.019097561172901845,1,MGRC
30-06-2014,-0.0019011010879818047,0,MGRC
01-07-2014,0.02367316624447313,0,MGRC
02-07-2014,0.002126795441133922,0,MGRC
03-07-2014,0.011936276847599459,1,MGRC
07-07-2014,-0.00891194228580161,1,MGRC
08-07-2014,-0.009521523339849014,0,MGRC
09-07-2014,0.0013351481592422942,0,MGRC
10-07-2014,0.0,1,MGRC
11-07-2014,-0.0018665654472537208,0,MGRC
14-07-2014,0.0026714729192924835,0,MGRC
15-07-2014,0.0054984097223547135,1,MGRC
16-07-2014,-0.004267921770855776,1,MGRC
17-07-2014,-0.006964593816961462,0,MGRC
18-07-2014,0.02724545515894472,1,MGRC
21-07-2014,-0.020483001924036626,0,MGRC
22-07-2014,0.005897980848251327,0,MGRC
23-07-2014,0.0013326862744333923,1,MGRC
24-07-2014,-0.018631972468465374,1,MGRC
25-07-2014,-0.015730866978667435,1,MGRC
28-07-2014,-0.001653401329825721,1,MGRC
29-07-2014,-0.011868658487821149,1,MGRC
30-07-2014,-0.003910503065836735,1,MGRC
31-07-2014,-0.03112740455451568,1,MGRC
01-08-2014,-0.005499095562954026,0,MGRC
04-08-2014,0.009894981629390287,0,MGRC
05-08-2014,0.00461087716378783,0,MGRC
06-08-2014,0.018645973571927543,0,MGRC
07-08-2014,0.006758944519079435,0,MGRC
08-08-2014,0.010629214822022615,0,MGRC
11-08-2014,0.01937470081324788,1,MGRC
12-08-2014,-0.006788015640482037,0,MGRC
13-08-2014,0.00601419750397536,0,MGRC
14-08-2014,0.00543460011275565,0,MGRC
15-08-2014,0.002162253172895978,0,MGRC
18-08-2014,0.0140235384617311,1,MGRC
19-08-2014,-0.0039890589835001045,1,MGRC
20-08-2014,-0.01361847214846612,0,MGRC
21-08-2014,0.0048727993991719565,1,MGRC
22-08-2014,-0.0021549504351389137,0,MGRC
25-08-2014,0.0029699418804447486,0,MGRC
26-08-2014,0.004575835636309256,1,MGRC
27-08-2014,-0.008038471436924821,1,MGRC
28-08-2014,-0.007023540405215689,0,MGRC
29-08-2014,0.006528921499585616,1,MGRC
02-09-2014,-0.002432134611512926,1,MGRC
03-09-2014,-0.006502574655572024,0,MGRC
04-09-2014,0.0,0,MGRC
05-09-2014,0.007362825427724484,1,MGRC
08-09-2014,-0.0005413942089306234,1,MGRC
09-09-2014,-0.017605283346589284,0,MGRC
10-09-2014,0.001929754205939327,0,MGRC
11-09-2014,0.004127816581256383,1,MGRC
12-09-2014,-0.0046589820081981426,1,MGRC
15-09-2014,-0.001101144094982076,1,MGRC
16-09-2014,-0.004410264106218698,1,MGRC
17-09-2014,-0.002768617397370998,0,MGRC
18-09-2014,0.003331719470587524,1,MGRC
19-09-2014,-0.0074709939100096046,1,MGRC
22-09-2014,-0.0050182179540370075,1,MGRC
23-09-2014,-0.01288863862700984,0,MGRC
24-09-2014,0.0025543275914916563,1,MGRC
25-09-2014,-0.00962603897699732,1,MGRC
26-09-2014,-0.0037163079689526146,1,MGRC
29-09-2014,-0.0065999475859266354,1,MGRC
30-09-2014,-0.012131706352563665,1,MGRC
01-10-2014,-0.00847942200645313,0,MGRC
02-10-2014,0.0011795397931655405,0,MGRC
03-10-2014,0.0002946059470991802,0,MGRC
06-10-2014,0.0011778715278063512,1,MGRC
07-10-2014,-0.00852936818252592,0,MGRC
08-10-2014,0.018688729564520834,1,MGRC
09-10-2014,-0.00990094924681273,0,MGRC
10-10-2014,0.0076469867692661175,0,MGRC
13-10-2014,0.023642886465696122,0,MGRC
14-10-2014,0.0051324260093077445,1,MGRC
15-10-2014,-0.006141748357534005,0,MGRC
16-10-2014,0.016671260259253584,1,MGRC
17-10-2014,-0.010177937999285125,1,MGRC
20-10-2014,-0.0028565065970570513,0,MGRC
21-10-2014,0.008306978752825378,1,MGRC
22-10-2014,-0.009659020204455415,0,MGRC
23-10-2014,0.015777597843755986,0,MGRC
24-10-2014,0.00028238479726239163,1,MGRC
27-10-2014,-0.014681166532775292,0,MGRC
28-10-2014,0.02521505208625241,0,MGRC
29-10-2014,0.00027946468362571864,0,MGRC
30-10-2014,0.005029087786944775,0,MGRC
31-10-2014,0.015568706912572283,0,MGRC
03-11-2014,0.009854992884676506,0,MGRC
04-11-2014,0.007590123691460393,0,MGRC
05-11-2014,0.013989777720051721,0,MGRC
06-11-2014,0.0005305435559184168,1,MGRC
07-11-2014,-0.0002653452010779045,0,MGRC
10-11-2014,0.00344844527809518,0,MGRC
11-11-2014,0.004494181563178934,0,MGRC
12-11-2014,0.006315251089488383,1,MGRC
13-11-2014,-0.008368235918250866,1,MGRC
14-11-2014,-0.0047464791319765665,1,MGRC
17-11-2014,-0.019077807177375283,1,MGRC
18-11-2014,-0.01728814230977871,1,MGRC
19-11-2014,-0.03380971166601299,0,MGRC
20-11-2014,0.009104138588436284,0,MGRC
21-11-2014,0.007329778378138974,0,MGRC
24-11-2014,0.014553403775644957,1,MGRC
25-11-2014,-0.0055169540294979225,0,MGRC
26-11-2014,0.00859903099741044,1,MGRC
28-11-2014,-0.030252967551672727,1,MGRC
01-12-2014,-0.03289854054221664,0,MGRC
02-12-2014,0.011730201509619453,0,MGRC
03-12-2014,0.01797099875669228,1,MGRC
04-12-2014,-0.012243668027395405,0,MGRC
05-12-2014,0.01844919373628251,1,MGRC
08-12-2014,-0.021511669281457868,0,MGRC
09-12-2014,0.022563087408727034,1,MGRC
10-12-2014,-0.028854423185591505,0,MGRC
11-12-2014,0.0008741414382347212,1,MGRC
12-12-2014,-0.010477582011770181,1,MGRC
15-12-2014,-0.005882181739632952,1,MGRC
16-12-2014,-0.0005918760861383099,0,MGRC
17-12-2014,0.00947309926873352,0,MGRC
18-12-2014,0.04193557355269184,0,MGRC
19-12-2014,0.0028142458789661706,0,MGRC
22-12-2014,0.008420144930022522,0,MGRC
23-12-2014,0.01308122468314954,0,MGRC
24-12-2014,0.008241515385384979,0,MGRC
26-12-2014,0.005994350073337706,0,MGRC
29-12-2014,0.004604766593175436,1,MGRC
30-12-2014,-0.014828796533672417,1,MGRC
31-12-2014,-0.018609855110229723,1,MGRC
02-01-2015,-0.010596803906736452,1,MGRC
05-01-2015,-0.018320232623922794,1,MGRC
06-01-2015,-0.024117115697148472,1,MGRC
07-01-2015,-0.008237504744406654,0,MGRC
08-01-2015,0.006526103352812562,1,MGRC
09-01-2015,-0.019746546545076682,1,MGRC
12-01-2015,-0.003307165849647964,1,MGRC
13-01-2015,-0.001206684735626018,1,MGRC
14-01-2015,-0.003499168818524079,1,MGRC
15-01-2015,-0.016793789278244375,0,MGRC
16-01-2015,0.003726726005219394,1,MGRC
20-01-2015,-0.0030940978509064188,1,MGRC
21-01-2015,-0.02203608527634726,0,MGRC
22-01-2015,0.016185272244404247,0,MGRC
23-01-2015,0.017801248305440387,1,MGRC
26-01-2015,-0.010125646394274379,1,MGRC
27-01-2015,-0.016119065242122033,1,MGRC
28-01-2015,-0.02457450296312358,0,MGRC
29-01-2015,0.013888906349847074,1,MGRC
30-01-2015,-0.03217590904184087,0,MGRC
02-02-2015,0.003949910870578943,0,MGRC
03-02-2015,0.015409886619327073,1,MGRC
04-02-2015,-0.009686914625540166,0,MGRC
05-02-2015,0.012716147065667371,0,MGRC
06-02-2015,0.015775871086245674,0,MGRC
09-02-2015,0.006339005862225244,0,MGRC
10-02-2015,0.00409460490859348,1,MGRC
11-02-2015,-0.0028231722473334164,0,MGRC
12-02-2015,0.007864171486645422,0,MGRC
13-02-2015,0.018414334495622464,1,MGRC
17-02-2015,-0.010726075849320837,1,MGRC
18-02-2015,-0.0061957221769856075,1,MGRC
19-02-2015,-0.004987650063434046,1,MGRC
20-02-2015,-0.00845861614555199,1,MGRC
23-02-2015,-0.002211797536357807,0,MGRC
24-02-2015,0.0034833553166699893,1,MGRC
25-02-2015,-0.003471263671902758,0,MGRC
26-02-2015,0.010133021600848391,0,MGRC
27-02-2015,0.0028213305190605276,0,MGRC
02-03-2015,0.0,0,MGRC
03-03-2015,0.007189829844439277,1,MGRC
04-03-2015,-0.03258861184686179,1,MGRC
05-03-2015,-0.007057908032415905,1,MGRC
06-03-2015,-0.01938612634260317,0,MGRC
09-03-2015,0.028995148087584965,1,MGRC
10-03-2015,-0.00928610944242747,0,MGRC
11-03-2015,0.006464057334098827,0,MGRC
12-03-2015,0.030507440493039883,1,MGRC
13-03-2015,-0.014334707047552797,1,MGRC
16-03-2015,-0.03572551327154139,0,MGRC
17-03-2015,0.01311476837351977,1,MGRC
18-03-2015,-0.0038835882330972016,1,MGRC
19-03-2015,-0.017868859787746105,0,MGRC
20-03-2015,0.05524331669694793,0,MGRC
23-03-2015,0.01849543680704846,0,MGRC
24-03-2015,0.018774486925425382,1,MGRC
25-03-2015,-0.005437611106115403,1,MGRC
26-03-2015,-0.0060752012982907555,0,MGRC
27-03-2015,0.005501108464678772,0,MGRC
30-03-2015,0.0012156953514355084,1,MGRC
31-03-2015,-0.0009106817998414396,0,MGRC
01-04-2015,0.003342303050086315,1,MGRC
02-04-2015,-0.003936912055591879,0,MGRC
06-04-2015,0.0009122054467101126,0,MGRC
07-04-2015,0.006986644933899999,0,MGRC
08-04-2015,0.01357444999549351,0,MGRC
09-04-2015,0.014286058888392184,0,MGRC
10-04-2015,0.004107843781411713,0,MGRC
13-04-2015,0.002630254361627671,0,MGRC
14-04-2015,0.016734960940302246,1,MGRC
15-04-2015,-0.009240376931874406,0,MGRC
16-04-2015,0.0043716666555155825,1,MGRC
17-04-2015,-0.02176431312745375,0,MGRC
20-04-2015,0.015129048487796393,1,MGRC
21-04-2015,-0.004091051500662024,1,MGRC
22-04-2015,-0.016432228129916848,1,MGRC
23-04-2015,-0.0008947772227797524,1,MGRC
24-04-2015,-0.006270678780821437,0,MGRC
27-04-2015,0.0042067411531301335,0,MGRC
28-04-2015,0.03111914742635724,1,MGRC
29-04-2015,-0.02872904898690276,1,MGRC
30-04-2015,-0.01075581120953184,1,MGRC
01-05-2015,-0.018423442066161533,1,MGRC
04-05-2015,-0.009230691549367953,0,MGRC
05-05-2015,0.0015526877266660577,0,MGRC
06-05-2015,0.0027904628387931396,1,MGRC
07-05-2015,-0.0030918630440945893,1,MGRC
08-05-2015,-0.005583220447180737,1,MGRC
11-05-2015,-0.010605192362185711,1,MGRC
12-05-2015,-0.0075661417592526314,1,MGRC
13-05-2015,-0.007941363725433193,0,MGRC
14-05-2015,0.004482733825725171,1,MGRC
15-05-2015,-0.0063755853373491655,0,MGRC
18-05-2015,0.01058708789455931,1,MGRC
19-05-2015,-0.00984128438678944,1,MGRC
20-05-2015,-0.0006412015617364153,0,MGRC
21-05-2015,0.0012832988487936348,1,MGRC
22-05-2015,-0.008651001341880682,1,MGRC
26-05-2015,-0.009049795694206608,0,MGRC
27-05-2015,0.013046378102776313,1,MGRC
28-05-2015,-0.014488258004841215,1,MGRC
29-05-2015,-0.005553521439145559,1,MGRC
01-06-2015,-0.004927759520317876,0,MGRC
02-06-2015,0.00858359340641135,0,MGRC
03-06-2015,0.01931256488497146,1,MGRC
04-06-2015,-0.012523980568550086,0,MGRC
05-06-2015,0.008455410412334441,1,MGRC
08-06-2015,-0.0022574880622491245,0,MGRC
09-06-2015,0.017776289949600788,1,MGRC
10-06-2015,-0.0038107017520306874,0,MGRC
11-06-2015,0.0,0,MGRC
12-06-2015,0.009244327036843636,1,MGRC
15-06-2015,-0.001263437438597026,0,MGRC
16-06-2015,0.0,1,MGRC
17-06-2015,-0.0031622658652401547,0,MGRC
18-06-2015,0.012372991462926697,1,MGRC
19-06-2015,-0.005954362612677122,1,MGRC
22-06-2015,-0.013871379316126586,0,MGRC
23-06-2015,0.0012787860375660376,1,MGRC
24-06-2015,-0.0006383949921152654,1,MGRC
25-06-2015,-0.007348446994653202,0,MGRC
26-06-2015,0.004184090317711053,1,MGRC
29-06-2015,-0.02980751978225804,0,MGRC
30-06-2015,0.00528581714403531,1,MGRC
01-07-2015,-0.005915389251465064,1,MGRC
02-07-2015,-0.019173494951049252,1,MGRC
06-07-2015,-0.004381519114564858,1,MGRC
07-07-2015,-0.013879420690937283,1,MGRC
08-07-2015,-0.013731536553696855,1,MGRC
09-07-2015,-0.003828691755267344,1,MGRC
10-07-2015,-0.0006989384410820421,0,MGRC
13-07-2015,0.0073426753487519925,0,MGRC
14-07-2015,0.004165264360209919,1,MGRC
15-07-2015,-0.000348906373752067,0,MGRC
16-07-2015,0.019881636938103187,1,MGRC
17-07-2015,-0.0020519579676894217,1,MGRC
20-07-2015,-0.005825912496179475,1,MGRC
21-07-2015,-0.0010341132315930812,1,MGRC
22-07-2015,-0.004140890418174892,1,MGRC
23-07-2015,-0.021136492974398458,1,MGRC
24-07-2015,-0.007433615585109243,1,MGRC
27-07-2015,-0.0010698064584874212,1,MGRC
28-07-2015,-0.0032132587305568894,1,MGRC
29-07-2015,-0.008954043442646054,1,MGRC
30-07-2015,-0.013733112922533208,1,MGRC
31-07-2015,-0.07072229796318463,1,MGRC
03-08-2015,-0.04889556607580725,0,MGRC
04-08-2015,0.018656481130385982,0,MGRC
05-08-2015,0.009361168588431168,0,MGRC
06-08-2015,0.0028225452551240426,1,MGRC
07-08-2015,-0.013671009338756313,0,MGRC
10-08-2015,0.021198449352784143,0,MGRC
11-08-2015,0.011976078066952889,0,MGRC
12-08-2015,0.014595655595219137,1,MGRC
13-08-2015,-0.0027217585356539287,0,MGRC
14-08-2015,0.01910316506774512,0,MGRC
17-08-2015,0.0015304617486278094,1,MGRC
18-08-2015,-0.020244553044028835,1,MGRC
19-08-2015,-0.016764100600415777,1,MGRC
20-08-2015,-0.010705745447398107,1,MGRC
21-08-2015,-0.008817705998438563,1,MGRC
24-08-2015,-0.014152857641378747,1,MGRC
25-08-2015,-0.017227299353104075,0,MGRC
26-08-2015,0.011268924601961494,0,MGRC
27-08-2015,0.02641357976931591,0,MGRC
28-08-2015,0.023321250825825146,0,MGRC
31-08-2015,0.007858448066291546,1,MGRC
01-09-2015,-0.01403491387750333,0,MGRC
02-09-2015,0.00830339483544118,0,MGRC
03-09-2015,0.004313937594453643,0,MGRC
04-09-2015,0.006638125051689814,0,MGRC
08-09-2015,0.012800721735661602,1,MGRC
09-09-2015,-0.004213236978830692,1,MGRC
10-09-2015,-0.011153794589331079,0,MGRC
11-09-2015,0.010112758364416496,1,MGRC
14-09-2015,-0.0034654941608827095,0,MGRC
15-09-2015,0.026274962916889244,0,MGRC
16-09-2015,0.006400693346233055,0,MGRC
17-09-2015,0.0048633890422098425,1,MGRC
18-09-2015,-0.011913395407871175,0,MGRC
21-09-2015,0.010172940756965954,1,MGRC
22-09-2015,-0.010443652910978152,1,MGRC
23-09-2015,-0.010931055803556244,0,MGRC
24-09-2015,0.02172237823920331,1,MGRC
25-09-2015,-0.022752510984018537,0,MGRC
28-09-2015,0.005343703279684142,0,MGRC
29-09-2015,0.005315043261074903,0,MGRC
30-09-2015,0.007930499488128406,1,MGRC
01-10-2015,-0.02622714574801377,1,MGRC
02-10-2015,-0.009234466498562521,0,MGRC
05-10-2015,0.04932065918853645,1,MGRC
06-10-2015,-0.007401831911702406,0,MGRC
07-10-2015,0.01864256894095928,0,MGRC
08-10-2015,0.02635440552007351,1,MGRC
09-10-2015,-0.0024964025718748895,0,MGRC
12-10-2015,0.0007148817943678498,1,MGRC
13-10-2015,-0.007145240564911837,1,MGRC
14-10-2015,-0.01053030497133145,0,MGRC
15-10-2015,0.01357809189213377,0,MGRC
16-10-2015,0.003620611290221065,1,MGRC
19-10-2015,-0.00324682700113732,0,MGRC
20-10-2015,0.00036189777317297,1,MGRC
21-10-2015,-0.016280477726132947,0,MGRC
22-10-2015,0.03162906672921273,0,MGRC
23-10-2015,0.007843253699265196,1,MGRC
26-10-2015,-0.009551055600999336,1,MGRC
27-10-2015,-0.0314281665319841,0,MGRC
28-10-2015,0.05973429322432389,0,MGRC
29-10-2015,0.005567116215464463,0,MGRC
30-10-2015,0.039792434330236715,0,MGRC
02-11-2015,0.0029948533968620072,1,MGRC
03-11-2015,-0.025878957510092615,1,MGRC
04-11-2015,-0.011580330284651774,0,MGRC
05-11-2015,0.0027565080220277594,0,MGRC
06-11-2015,0.0054982448173444,1,MGRC
09-11-2015,-0.01640469091389185,1,MGRC
10-11-2015,-0.01563574950989899,1,MGRC
11-11-2015,-0.0024708474601653485,1,MGRC
12-11-2015,-0.017339247777125366,0,MGRC
13-11-2015,0.002881069252204549,0,MGRC
16-11-2015,0.015080837880451448,1,MGRC
17-11-2015,-0.006367238755300431,0,MGRC
18-11-2015,0.009255969852933532,0,MGRC
19-11-2015,0.0,1,MGRC
20-11-2015,-0.0021164763799155217,0,MGRC
23-11-2015,0.01413929543158532,0,MGRC
24-11-2015,0.005228136031316,0,MGRC
25-11-2015,0.012829508147472968,0,MGRC
27-11-2015,0.00513544666032395,1,MGRC
30-11-2015,-0.006130852568096423,1,MGRC
01-12-2015,-0.009253122463948604,1,MGRC
02-12-2015,-0.008993204312357062,1,MGRC
03-12-2015,-0.01849911300871454,0,MGRC
04-12-2015,0.0003555121173093312,1,MGRC
07-12-2015,-0.03234994853772688,1,MGRC
08-12-2015,-0.025348794799560648,1,MGRC
09-12-2015,-0.016584990342599526,0,MGRC
10-12-2015,0.0019162106939945023,1,MGRC
11-12-2015,-0.020657869986518418,0,MGRC
14-12-2015,0.0062499580228001506,0,MGRC
15-12-2015,0.0023291878355193862,0,MGRC
16-12-2015,0.008520567184521877,0,MGRC
17-12-2015,0.0026883094298177923,1,MGRC
18-12-2015,-0.00995796271840288,0,MGRC
21-12-2015,0.019729338256864182,0,MGRC
22-12-2015,0.018588870582951333,0,MGRC
23-12-2015,0.0014894772300846348,1,MGRC
24-12-2015,-0.0026029160798098916,1,MGRC
28-12-2015,-0.023117217185230965,0,MGRC
29-12-2015,0.0030534568443429944,1,MGRC
30-12-2015,-0.012556964916392022,1,MGRC
31-12-2015,-0.02928725197916726,1,MGRC
04-01-2016,-0.04644707988142127,1,MGRC
05-01-2016,-0.004163343630214422,1,MGRC
06-01-2016,-0.007943097371089447,1,MGRC
07-01-2016,-0.03834806954969683,0,MGRC
08-01-2016,0.04425936611662129,1,MGRC
11-01-2016,-0.00587506110680136,0,MGRC
12-01-2016,0.0021109997925383706,1,MGRC
13-01-2016,-0.028522928891048904,0,MGRC
14-01-2016,0.016652138682845763,1,MGRC
15-01-2016,-0.012931019704900737,1,MGRC
19-01-2016,-0.014847240864824696,0,MGRC
20-01-2016,0.007092190941101029,0,MGRC
21-01-2016,0.005721727618069439,0,MGRC
22-01-2016,0.022756992898804063,1,MGRC
25-01-2016,-0.034231703054596996,0,MGRC
26-01-2016,0.025697899197792973,1,MGRC
27-01-2016,-0.0315336320884102,0,MGRC
28-01-2016,0.03746670789930162,0,MGRC
29-01-2016,0.04944094925589093,0,MGRC
01-02-2016,0.008603022978776798,1,MGRC
02-02-2016,-0.014215980708287002,0,MGRC
03-02-2016,0.003708368814780316,0,MGRC
04-02-2016,0.016420251186606505,0,MGRC
05-02-2016,0.01130899626177495,0,MGRC
08-02-2016,0.00958438544863327,1,MGRC
09-02-2016,-0.004746917034136766,0,MGRC
10-02-2016,0.0035769268023535528,1,MGRC
11-02-2016,-0.009108639614020086,0,MGRC
12-02-2016,0.015587334090069849,1,MGRC
16-02-2016,-0.003935367422402636,0,MGRC
17-02-2016,0.03792980361350051,1,MGRC
18-02-2016,-0.009897460995404561,1,MGRC
19-02-2016,-0.0034601191389365127,0,MGRC
22-02-2016,0.005401313823877096,0,MGRC
23-02-2016,0.00805840215621001,0,MGRC
24-02-2016,0.002664464894623686,0,MGRC
25-02-2016,0.004555887570160122,1,MGRC
26-02-2016,-0.06916091688161385,1,MGRC
29-02-2016,-0.0012181149726864238,0,MGRC
01-03-2016,0.009349672394571185,0,MGRC
02-03-2016,0.001208125379513314,0,MGRC
03-03-2016,0.00281576504919423,0,MGRC
04-03-2016,0.008022542279403133,1,MGRC
07-03-2016,-0.003979390623334966,0,MGRC
08-03-2016,0.008390010725958685,0,MGRC
09-03-2016,0.009508442056725075,1,MGRC
10-03-2016,-0.017660720245703865,0,MGRC
11-03-2016,0.01997591756997852,1,MGRC
14-03-2016,-0.026243521141265713,0,MGRC
15-03-2016,0.0036200915972406378,1,MGRC
16-03-2016,-0.029258399977825755,0,MGRC
17-03-2016,0.01775390294311685,0,MGRC
18-03-2016,0.023935244799446753,0,MGRC
21-03-2016,0.003169218072211377,1,MGRC
22-03-2016,-0.007503593854086277,1,MGRC
23-03-2016,-0.02666150394782696,1,MGRC
24-03-2016,-0.00817669634766216,0,MGRC
28-03-2016,0.007832087304954882,0,MGRC
29-03-2016,0.03271952390746358,0,MGRC
30-03-2016,0.003960654737013236,1,MGRC
31-03-2016,-0.010650874577632585,1,MGRC
01-04-2016,-0.011562896047667803,1,MGRC
04-04-2016,-0.006051264491016006,1,MGRC
05-04-2016,-0.02313282713152731,1,MGRC
06-04-2016,-0.0012464550749741177,1,MGRC
07-04-2016,-0.015807154734205575,1,MGRC
08-04-2016,-0.004226258590584897,1,MGRC
11-04-2016,-0.008913495476855937,0,MGRC
12-04-2016,0.0021413251916926335,0,MGRC
13-04-2016,0.025707563470814154,0,MGRC
14-04-2016,0.012215554706812126,0,MGRC
15-04-2016,0.017062126175992676,1,MGRC
18-04-2016,-0.014730009438966518,0,MGRC
19-04-2016,0.007059909811469645,0,MGRC
20-04-2016,0.00247402623911519,0,MGRC
21-04-2016,0.011106586335417168,0,MGRC
22-04-2016,0.008136838364545262,1,MGRC
25-04-2016,-0.01452799045560249,0,MGRC
26-04-2016,0.01801808170999908,1,MGRC
27-04-2016,-0.010056248392394496,0,MGRC
28-04-2016,0.00040626156069434316,1,MGRC
29-04-2016,-0.009748181952215829,0,MGRC
02-05-2016,0.0036914757405270837,1,MGRC
03-05-2016,-0.00040867527587817865,0,MGRC
04-05-2016,0.06255109412684012,0,MGRC
05-05-2016,0.008080176336952016,1,MGRC
06-05-2016,-0.0022903079137069904,1,MGRC
09-05-2016,-0.004972861279642582,0,MGRC
10-05-2016,0.008458271287609787,0,MGRC
11-05-2016,0.004193372886171387,0,MGRC
12-05-2016,0.015565790671261626,1,MGRC
13-05-2016,-0.0022430542399043407,0,MGRC
16-05-2016,0.007118891456372234,1,MGRC
17-05-2016,-0.003348309016141582,0,MGRC
18-05-2016,0.004479410471992518,0,MGRC
19-05-2016,0.006688908617643374,0,MGRC
20-05-2016,0.013289170817793128,1,MGRC
23-05-2016,-0.0043716282908223825,0,MGRC
24-05-2016,0.024149168529460807,0,MGRC
25-05-2016,0.0021437615539394717,0,MGRC
26-05-2016,0.005347510673284539,0,MGRC
27-05-2016,0.007446786663468652,0,MGRC
31-05-2016,0.004223753635371086,0,MGRC
01-06-2016,0.007010363956005294,1,MGRC
02-06-2016,-0.007657564836571651,1,MGRC
03-06-2016,-0.0021044309485800383,0,MGRC
06-06-2016,0.036555161778144996,0,MGRC
07-06-2016,0.02407604844170197,0,MGRC
08-06-2016,0.0019866664534355927,1,MGRC
09-06-2016,-0.0003304064259030959,1,MGRC
10-06-2016,-0.0026445585062514487,0,MGRC
13-06-2016,0.001325712934690415,0,MGRC
14-06-2016,0.000993221498376995,1,MGRC
15-06-2016,-0.006944495634089387,0,MGRC
16-06-2016,0.004661990751993583,1,MGRC
17-06-2016,-0.029168074931827492,0,MGRC
20-06-2016,0.02697175387840911,0,MGRC
21-06-2016,0.0029919603144965556,1,MGRC
22-06-2016,-0.017567181310620295,0,MGRC
23-06-2016,0.0387989866459042,1,MGRC
24-06-2016,-0.04417029724952026,1,MGRC
27-06-2016,-0.008834550426508714,0,MGRC
28-06-2016,0.011998669744624157,0,MGRC
29-06-2016,0.013888986567854866,0,MGRC
30-06-2016,0.02205134634302852,1,MGRC
01-07-2016,-0.006865183263372487,1,MGRC
05-07-2016,-0.003291445500342327,0,MGRC
06-07-2016,0.004623572838250656,1,MGRC
07-07-2016,-0.0016436301733688818,0,MGRC
08-07-2016,0.018110057344365327,0,MGRC
11-07-2016,0.013583470808722797,0,MGRC
12-07-2016,0.010529413323403514,0,MGRC
13-07-2016,0.004934038468704438,0,MGRC
14-07-2016,0.0009503351682447203,0,MGRC
15-07-2016,0.0018986599756343203,1,MGRC
18-07-2016,-0.008844078659070997,1,MGRC
19-07-2016,-0.0031865961794832476,0,MGRC
20-07-2016,0.02909212553776941,1,MGRC
21-07-2016,-0.0009319636876938819,0,MGRC
22-07-2016,0.0,1,MGRC
25-07-2016,-0.006218954434283552,1,MGRC
26-07-2016,-0.005319269078179922,0,MGRC
27-07-2016,0.0059768419111709825,1,MGRC
28-07-2016,-0.005628501417767717,0,MGRC
29-07-2016,0.00220131957833547,1,MGRC
01-08-2016,-0.00972719094933061,1,MGRC
02-08-2016,-0.006653836281324876,0,MGRC
03-08-2016,0.003508761497014401,0,MGRC
04-08-2016,0.001271383143723659,1,MGRC
05-08-2016,-0.00031745939988125915,1,MGRC
08-08-2016,-0.007939005308893576,1,MGRC
09-08-2016,-0.011523723386228424,0,MGRC
10-08-2016,0.006152832031764088,0,MGRC
11-08-2016,0.006437128923703517,0,MGRC
12-08-2016,0.00031979439986162816,0,MGRC
15-08-2016,0.011509056512398752,0,MGRC
16-08-2016,0.015170487276418454,1,MGRC
17-08-2016,-0.026151856131720996,0,MGRC
18-08-2016,0.008951311292292097,1,MGRC
19-08-2016,-0.003168421508861874,0,MGRC
22-08-2016,0.002542835193368287,0,MGRC
23-08-2016,0.014901600363560252,1,MGRC
24-08-2016,-0.005623023957193163,0,MGRC
25-08-2016,0.005026621198901626,1,MGRC
26-08-2016,-0.0006251935518190033,1,MGRC
29-08-2016,-0.00406623250485294,0,MGRC
30-08-2016,0.005653181312754274,1,MGRC
31-08-2016,-0.0015615195016623895,0,MGRC
01-09-2016,0.008132600623116604,0,MGRC
02-09-2016,0.014582779281480773,1,MGRC
06-09-2016,-0.0024466747610386586,0,MGRC
07-09-2016,0.0030656618230304744,1,MGRC
08-09-2016,-0.003972961310749312,1,MGRC
09-09-2016,-0.016569649800064035,1,MGRC
12-09-2016,-0.0031199130290509025,1,MGRC
13-09-2016,-0.018779421083985004,1,MGRC
14-09-2016,-0.000957142396816768,0,MGRC
15-09-2016,0.015325835709909308,1,MGRC
16-09-2016,-0.012264251332179454,0,MGRC
19-09-2016,0.008914471291366466,1,MGRC
20-09-2016,-0.010413417390400026,0,MGRC
21-09-2016,0.00478308025280616,0,MGRC
22-09-2016,0.014281277888418042,1,MGRC
23-09-2016,-0.006883720084749578,1,MGRC
26-09-2016,-0.01386259508200649,1,MGRC
27-09-2016,-0.0015973010370511354,0,MGRC
28-09-2016,0.007999906768108245,1,MGRC
29-09-2016,-0.009523713178012816,0,MGRC
30-09-2016,0.016345966049365668,1,MGRC
03-10-2016,-0.001576716874042594,1,MGRC
04-10-2016,-0.000947633654688862,0,MGRC
05-10-2016,0.004742388437772416,0,MGRC
06-10-2016,0.007866492007315706,1,MGRC
07-10-2016,-0.009366125499814637,1,MGRC
10-10-2016,-0.001260564684608445,1,MGRC
11-10-2016,-0.019248986225804843,0,MGRC
12-10-2016,0.009652341879325954,1,MGRC
13-10-2016,-0.02200787889497624,1,MGRC
14-10-2016,-0.002299630657673468,0,MGRC
17-10-2016,0.002963503132854317,0,MGRC
18-10-2016,0.0,1,MGRC
19-10-2016,-0.000328313035714789,0,MGRC
20-10-2016,0.002298875410993828,0,MGRC
21-10-2016,0.0026211998467267072,0,MGRC
24-10-2016,0.02058824707414253,1,MGRC
25-10-2016,-0.03202044549646221,1,MGRC
26-10-2016,-0.018855369969820845,1,MGRC
27-10-2016,-0.0006746267206841905,0,MGRC
28-10-2016,0.01248343397299756,0,MGRC
31-10-2016,0.0029989812333861554,1,MGRC
01-11-2016,-0.014617902939724647,0,MGRC
02-11-2016,0.08563728700886841,1,MGRC
03-11-2016,-0.0015530595399810831,1,MGRC
04-11-2016,-0.009331246614661004,0,MGRC
07-11-2016,0.03296698622996752,0,MGRC
08-11-2016,0.09422499075723256,0,MGRC
09-11-2016,0.018611227777451278,1,MGRC
10-11-2016,-0.011453509951326657,0,MGRC
11-11-2016,0.008551900757189923,0,MGRC
14-11-2016,0.00437607780206184,1,MGRC
15-11-2016,-0.014433858488015039,1,MGRC
16-11-2016,-0.004973423267557342,1,MGRC
17-11-2016,-0.007220695797087839,0,MGRC
18-11-2016,0.0078327978268109,0,MGRC
21-11-2016,0.008881437744388654,0,MGRC
22-11-2016,0.017606741022723416,1,MGRC
23-11-2016,-0.003784963127504648,0,MGRC
25-11-2016,0.004070316737603719,1,MGRC
28-11-2016,-0.0021619037025957244,1,MGRC
29-11-2016,-0.0008127761231581099,0,MGRC
30-11-2016,0.0008134372655452804,1,MGRC
01-12-2016,-0.03900346984819558,0,MGRC
02-12-2016,0.028748819772790313,0,MGRC
05-12-2016,0.018629967071262854,0,MGRC
06-12-2016,0.0169447789337982,0,MGRC
07-12-2016,0.0029091195290087413,0,MGRC
08-12-2016,0.014504312747358306,0,MGRC
09-12-2016,0.012217204736912457,0,MGRC
12-12-2016,0.003595314032282193,1,MGRC
13-12-2016,-0.012794250147122321,0,MGRC
14-12-2016,0.0062209869891074465,0,MGRC
15-12-2016,0.007470187101960679,1,MGRC
16-12-2016,-0.014574059568194575,0,MGRC
19-12-2016,0.013492141244479727,0,MGRC
20-12-2016,0.013057105210775521,0,MGRC
21-12-2016,0.004801436094636458,1,MGRC
22-12-2016,-0.019365976108294713,0,MGRC
23-12-2016,0.0010257259796206952,0,MGRC
27-12-2016,0.0007685062079325622,1,MGRC
28-12-2016,-0.00230385827451296,0,MGRC
29-12-2016,0.0033358721126166557,0,MGRC
30-12-2016,0.0023016107645918993,1,MGRC
03-01-2017,-0.028068236870360863,0,MGRC
04-01-2017,0.0015752819487118153,0,MGRC
05-01-2017,0.00838783891859407,1,MGRC
06-01-2017,-0.025994466470232402,1,MGRC
09-01-2017,-0.019214911482867802,0,MGRC
10-01-2017,0.04544188648070535,1,MGRC
11-01-2017,-0.0015618634013118138,1,MGRC
12-01-2017,-0.015351930877242626,0,MGRC
13-01-2017,0.015724722237181243,1,MGRC
17-01-2017,-0.016531116466014684,0,MGRC
18-01-2017,0.01360746036813354,1,MGRC
19-01-2017,-0.02000567166756917,0,MGRC
20-01-2017,0.012087094917267782,0,MGRC
23-01-2017,0.00026539678292847313,0,MGRC
24-01-2017,0.022021975052747944,0,MGRC
25-01-2017,0.014018567218614608,0,MGRC
26-01-2017,0.004608145248878204,0,MGRC
27-01-2017,0.0010194922786932459,1,MGRC
30-01-2017,-0.02520371798231924,1,MGRC
31-01-2017,-0.00026105716549484903,0,MGRC
01-02-2017,0.003918553892363175,0,MGRC
02-02-2017,0.0010409801597963675,0,MGRC
03-02-2017,0.007538230812639268,1,MGRC
06-02-2017,-0.01547988605601247,1,MGRC
07-02-2017,-0.012316745218889258,1,MGRC
08-02-2017,-0.01538847588193537,0,MGRC
09-02-2017,0.009431329931134158,0,MGRC
10-02-2017,0.012813745295352952,0,MGRC
13-02-2017,0.0068526897451839375,0,MGRC
14-02-2017,0.0013089202833440616,0,MGRC
15-02-2017,0.01045778568469058,0,MGRC
16-02-2017,0.0023285138725512855,0,MGRC
17-02-2017,0.0010326501596280568,1,MGRC
21-02-2017,-0.0012895637315680775,1,MGRC
22-02-2017,-0.007487847922866386,1,MGRC
23-02-2017,-0.002341124264168881,1,MGRC
24-02-2017,-0.009387028895581295,1,MGRC
27-02-2017,-0.0010530366135151903,1,MGRC
28-02-2017,-0.008432272849402955,1,MGRC
01-03-2017,-0.06882795888002013,1,MGRC
02-03-2017,-0.013413624370972488,1,MGRC
03-03-2017,-0.01128113580197787,1,MGRC
06-03-2017,-0.0008776568804642615,1,MGRC
07-03-2017,-0.0002929552151282877,1,MGRC
08-03-2017,-0.02811949218561338,1,MGRC
09-03-2017,-0.008438880764752743,0,MGRC
10-03-2017,0.02644390759843107,1,MGRC
13-03-2017,-0.0008883124643678242,1,MGRC
14-03-2017,-0.002667560010288117,0,MGRC
15-03-2017,0.019316528775487507,1,MGRC
16-03-2017,-0.000874524099228946,0,MGRC
17-03-2017,0.0081702833335493,1,MGRC
20-03-2017,-0.013603429461349958,1,MGRC
21-03-2017,-0.03374394538787806,1,MGRC
22-03-2017,-0.008199525749761682,0,MGRC
23-03-2017,0.005511411740439787,1,MGRC
24-03-2017,-0.005785583753017298,0,MGRC
27-03-2017,0.0021439175555009182,0,MGRC
28-03-2017,0.015586703678862168,0,MGRC
29-03-2017,0.0024075636204325956,1,MGRC
30-03-2017,-0.0015008166774165277,0,MGRC
31-03-2017,0.00932025687217708,1,MGRC
03-04-2017,-0.01608596777080251,1,MGRC
04-04-2017,-0.006963148679691167,0,MGRC
05-04-2017,0.002439060761043388,0,MGRC
06-04-2017,0.015206714066809734,1,MGRC
07-04-2017,-0.0005991701455092535,0,MGRC
10-04-2017,0.005695464948340279,0,MGRC
11-04-2017,0.016521330861112737,1,MGRC
12-04-2017,-0.02127642651679451,1,MGRC
13-04-2017,-0.011473246060302977,0,MGRC
17-04-2017,0.013744435412921696,0,MGRC
18-04-2017,0.015064853464310968,1,MGRC
19-04-2017,-0.005639816675448439,0,MGRC
20-04-2017,0.02328360123849227,0,MGRC
21-04-2017,0.011085375244088036,0,MGRC
24-04-2017,0.008366784757853685,0,MGRC
25-04-2017,0.005150461362777303,0,MGRC
26-04-2017,0.018502383042168002,1,MGRC
27-04-2017,-0.0122973837599476,1,MGRC
28-04-2017,-0.01499697394280497,1,MGRC
01-05-2017,-0.0025853744336331586,1,MGRC
02-05-2017,-0.0005760372179740569,0,MGRC
03-05-2017,0.06340055401560529,1,MGRC
04-05-2017,-0.038211377537769486,1,MGRC
05-05-2017,-0.016060902143121725,1,MGRC
08-05-2017,-0.005727319994287772,0,MGRC
09-05-2017,0.044930658840813154,0,MGRC
10-05-2017,0.0033076102022675524,1,MGRC
11-05-2017,-0.011812992661682231,1,MGRC
12-05-2017,-0.0016682345030771817,0,MGRC
15-05-2017,0.003898461531197883,1,MGRC
16-05-2017,-0.009431413290491575,1,MGRC
17-05-2017,-0.04200478749056513,1,MGRC
18-05-2017,-0.009646402646119712,0,MGRC
19-05-2017,0.003837169209766511,0,MGRC
22-05-2017,0.018818258623747308,1,MGRC
23-05-2017,-0.005483683570368769,1,MGRC
24-05-2017,-0.03250153844375048,0,MGRC
25-05-2017,0.0006000076915912977,1,MGRC
26-05-2017,-0.013489187152148308,1,MGRC
30-05-2017,-0.009115712636036388,0,MGRC
31-05-2017,0.017172528166276235,0,MGRC
01-06-2017,0.02140480518747001,1,MGRC
02-06-2017,-0.001180638578219373,1,MGRC
05-06-2017,-0.0180259265916346,1,MGRC
06-06-2017,-0.0009027037296893692,0,MGRC
07-06-2017,0.00030117311332245045,0,MGRC
08-06-2017,0.01656157604849029,0,MGRC
09-06-2017,0.014217764622434403,0,MGRC
12-06-2017,0.0037967006089887345,1,MGRC
13-06-2017,-0.004655287540790143,1,MGRC
14-06-2017,-0.007307655518754341,1,MGRC
15-06-2017,-0.007950566200133569,0,MGRC
16-06-2017,0.012763408262488118,1,MGRC
19-06-2017,-0.0005862289854642322,1,MGRC
20-06-2017,-0.021994368826045774,1,MGRC
21-06-2017,-0.008995256918101213,1,MGRC
22-06-2017,-0.0027230525685411067,0,MGRC
23-06-2017,0.015776516274324637,0,MGRC
26-06-2017,0.015233145698456019,0,MGRC
27-06-2017,0.0032361545465500186,0,MGRC
28-06-2017,0.03137829144715498,1,MGRC
29-06-2017,-0.009382913551060579,1,MGRC
30-06-2017,-0.006027588983264054,0,MGRC
03-07-2017,0.01963592264797498,1,MGRC
05-07-2017,-0.020957255407355935,1,MGRC
06-07-2017,-0.00404957405477091,0,MGRC
07-07-2017,0.005808953621995405,1,MGRC
10-07-2017,-0.01992490401253255,1,MGRC
11-07-2017,-0.0050087489036551025,1,MGRC
12-07-2017,-0.002369030708158082,0,MGRC
13-07-2017,0.01824683945312633,1,MGRC
14-07-2017,-0.0023499570233028733,1,MGRC
17-07-2017,-0.010600768200865973,0,MGRC
18-07-2017,0.01785722668062295,0,MGRC
19-07-2017,0.011695919378044373,1,MGRC
20-07-2017,-0.0031790605151384987,0,MGRC
21-07-2017,0.0052186285815536415,1,MGRC
24-07-2017,-0.004614995106833941,0,MGRC
25-07-2017,0.006085310247167408,1,MGRC
26-07-2017,-0.00518430154751337,0,MGRC
27-07-2017,0.006948181253281005,1,MGRC
28-07-2017,-0.007187867965788297,0,MGRC
31-07-2017,0.028960421591522678,0,MGRC
01-08-2017,0.028426643628967962,0,MGRC
02-08-2017,0.007936701604790208,0,MGRC
03-08-2017,0.09856096343230991,0,MGRC
04-08-2017,0.021008528279291783,1,MGRC
07-08-2017,-0.03631115785945571,1,MGRC
08-08-2017,-0.008540535903361457,1,MGRC
09-08-2017,-0.0005065866926048379,1,MGRC
10-08-2017,-0.021039440608587423,1,MGRC
11-08-2017,-0.0033659396141263453,0,MGRC
14-08-2017,0.028578662458627724,1,MGRC
15-08-2017,-0.015407886214110045,0,MGRC
16-08-2017,0.0035913306546895285,1,MGRC
17-08-2017,-0.012780989205860127,0,MGRC
18-08-2017,0.0005176274302243211,1,MGRC
21-08-2017,-0.0007763115687077216,0,MGRC
22-08-2017,0.005957253787377548,1,MGRC
23-08-2017,-0.003089580174015394,0,MGRC
24-08-2017,0.003099155262671127,1,MGRC
25-08-2017,-0.006951799040736839,0,MGRC
28-08-2017,0.002852113939307399,0,MGRC
29-08-2017,0.006204720772342132,0,MGRC
30-08-2017,0.008221766039797629,0,MGRC
31-08-2017,0.02879742293660592,1,MGRC
01-09-2017,-0.01684423172291938,1,MGRC
05-09-2017,-0.008818246835249233,0,MGRC
06-09-2017,0.0,0,MGRC
07-09-2017,0.025673685952632752,0,MGRC
08-09-2017,0.020074307825441284,1,MGRC
11-09-2017,-0.0026727457087236672,1,MGRC
12-09-2017,-0.008525994015390337,0,MGRC
13-09-2017,0.006879635367854853,1,MGRC
14-09-2017,-0.0024401148100959835,1,MGRC
15-09-2017,-0.00464791881245552,0,MGRC
18-09-2017,0.0046696228403020346,0,MGRC
19-09-2017,0.013943344898601495,0,MGRC
20-09-2017,0.005790073264284379,1,MGRC
21-09-2017,-0.004317808197066175,0,MGRC
22-09-2017,0.006504646784213808,0,MGRC
25-09-2017,0.009095088660177053,0,MGRC
26-09-2017,0.016366202943949304,0,MGRC
27-09-2017,0.023103838592917647,0,MGRC
28-09-2017,0.004333812448277463,1,MGRC
29-09-2017,-0.006359136916551766,0,MGRC
02-10-2017,0.015999730051601713,0,MGRC
03-10-2017,0.011923923895130084,1,MGRC
04-10-2017,-0.003335005854447237,0,MGRC
05-10-2017,0.006692143031915121,0,MGRC
06-10-2017,0.011965314762269585,1,MGRC
09-10-2017,-0.0056929662484285215,0,MGRC
10-10-2017,0.011891351685288098,0,MGRC
11-10-2017,0.005876124948364092,0,MGRC
12-10-2017,0.0047598317410808555,1,MGRC
13-10-2017,-0.018518396085481004,0,MGRC
16-10-2017,0.0002205389288580939,1,MGRC
17-10-2017,-0.00838296748395384,0,MGRC
18-10-2017,0.02291467958839699,1,MGRC
19-10-2017,-0.01261428808031495,1,MGRC
20-10-2017,-0.0008813380716308217,1,MGRC
23-10-2017,-0.002865861281435067,1,MGRC
24-10-2017,-0.006411591736244615,1,MGRC
25-10-2017,-0.0037828178126229073,0,MGRC
26-10-2017,0.0084880105881322,0,MGRC
27-10-2017,0.012845901056274034,1,MGRC
30-10-2017,-0.02952118539057147,0,MGRC
31-10-2017,0.0072103986388640795,0,MGRC
01-11-2017,0.09888153344364792,0,MGRC
02-11-2017,0.0002037331091162553,1,MGRC
03-11-2017,-0.023814639102388013,1,MGRC
06-11-2017,-0.007714519948512466,1,MGRC
07-11-2017,-0.019962300199272365,1,MGRC
08-11-2017,-0.0010720243255195605,1,MGRC
09-11-2017,-0.012878277060772048,1,MGRC
10-11-2017,-0.003479216993404366,0,MGRC
13-11-2017,0.01134643180424555,1,MGRC
14-11-2017,-0.002373191730397184,1,MGRC
15-11-2017,-0.007785416822863711,0,MGRC
16-11-2017,0.004795096599680582,0,MGRC
17-11-2017,0.004338417029781327,0,MGRC
20-11-2017,0.0036718830655224632,0,MGRC
21-11-2017,0.0,0,MGRC
22-11-2017,0.005379548966692349,0,MGRC
24-11-2017,0.014768800402296556,0,MGRC
27-11-2017,0.007171387978167187,0,MGRC
28-11-2017,0.01026198796688571,0,MGRC
29-11-2017,0.013267066198620503,1,MGRC
30-11-2017,-0.022095037879957813,1,MGRC
01-12-2017,-0.017782671671923378,0,MGRC
04-12-2017,0.0031951058791335196,1,MGRC
05-12-2017,-0.004458777264373492,0,MGRC
06-12-2017,0.003838836813627289,1,MGRC
07-12-2017,-0.004036496115606525,1,MGRC
08-12-2017,-0.02303757470592871,1,MGRC
11-12-2017,-0.013755280264086456,1,MGRC
12-12-2017,-0.007084476838313036,0,MGRC
13-12-2017,0.005574141934040044,1,MGRC
14-12-2017,-0.012416731041577256,0,MGRC
15-12-2017,0.022900645815018494,0,MGRC
18-12-2017,0.023924689186576975,1,MGRC
19-12-2017,-0.001500655528288708,0,MGRC
20-12-2017,0.007728409459719865,0,MGRC
21-12-2017,0.005113115838818905,1,MGRC
22-12-2017,-0.0025434638032615364,1,MGRC
26-12-2017,-0.004887425438747761,0,MGRC
27-12-2017,0.006406049562584615,0,MGRC
28-12-2017,0.001909599738276313,1,MGRC
29-12-2017,-0.005082442229154105,0,MGRC
02-01-2018,0.010217077854669077,0,MGRC
03-01-2018,0.018963392911663934,0,MGRC
04-01-2018,0.013441081284414347,1,MGRC
05-01-2018,-0.0020406233803644813,1,MGRC
08-01-2018,-0.006338226450879669,1,MGRC
09-01-2018,-0.010287990772895661,1,MGRC
10-01-2018,-0.003742266572177577,0,MGRC
11-01-2018,0.02149411675383406,0,MGRC
12-01-2018,0.014504694403904228,0,MGRC
16-01-2018,0.0,0,MGRC
17-01-2018,0.014979764858374267,1,MGRC
18-01-2018,-0.004985991185925798,0,MGRC
19-01-2018,0.012627709216476601,1,MGRC
22-01-2018,-0.00019787363656176282,1,MGRC
23-01-2018,-0.0029697626635982743,1,MGRC
24-01-2018,-0.022041355389915807,1,MGRC
25-01-2018,-0.012588661647926602,0,MGRC
26-01-2018,0.015833727765752537,1,MGRC
29-01-2018,-0.013765184777352779,0,MGRC
30-01-2018,0.0022579658531762803,1,MGRC
31-01-2018,-0.021093690763315687,1,MGRC
01-02-2018,-0.00020930743607094904,0,MGRC
02-02-2018,0.010462426890276433,1,MGRC
05-02-2018,-0.016980872171502237,0,MGRC
06-02-2018,0.007162683970286077,1,MGRC
07-02-2018,-0.006275125234072809,1,MGRC
08-02-2018,-0.019574520025767872,0,MGRC
09-02-2018,0.0015028120456097582,0,MGRC
12-02-2018,0.010718009430492836,1,MGRC
13-02-2018,-0.003817531387346418,0,MGRC
14-02-2018,0.008941738012629541,0,MGRC
15-02-2018,0.009073610238035323,0,MGRC
16-02-2018,0.0016731504545290932,0,MGRC
20-02-2018,0.004801588700811932,1,MGRC
21-02-2018,-0.0020776861708541317,1,MGRC
22-02-2018,-0.0020820119382658486,0,MGRC
23-02-2018,0.00813677008902891,0,MGRC
26-02-2018,0.004139205337661878,1,MGRC
27-02-2018,-0.011747738707340583,0,MGRC
28-02-2018,0.055682757039901665,1,MGRC
01-03-2018,-0.013038217556636145,0,MGRC
02-03-2018,0.012209750614097237,1,MGRC
05-03-2018,-0.01127134755764847,0,MGRC
06-03-2018,0.015199951876664564,0,MGRC
07-03-2018,0.013790416452251764,0,MGRC
08-03-2018,0.002720274533501321,0,MGRC
09-03-2018,0.031783113540488905,1,MGRC
12-03-2018,-0.010518400050508081,0,MGRC
13-03-2018,0.0028473530679899994,1,MGRC
14-03-2018,-0.00018930032662178853,0,MGRC
15-03-2018,0.016471065235682092,0,MGRC
16-03-2018,0.0005589593654982128,0,MGRC
19-03-2018,0.01042418150532698,1,MGRC
20-03-2018,-0.008658754159944326,0,MGRC
21-03-2018,0.02397314814442586,1,MGRC
22-03-2018,-0.00725938357111755,1,MGRC
23-03-2018,-0.03272399779358193,0,MGRC
26-03-2018,0.01889999455916147,1,MGRC
27-03-2018,-0.012984711023450113,0,MGRC
28-03-2018,0.005074217357696531,0,MGRC
29-03-2018,0.0039268355595409865,1,MGRC
02-04-2018,-0.015272979668724762,0,MGRC
03-04-2018,0.005296006117234464,0,MGRC
04-04-2018,0.009407248629847764,0,MGRC
05-04-2018,0.015470854591025818,1,MGRC
06-04-2018,-0.010646052375575255,1,MGRC
09-04-2018,-0.010018517965390217,0,MGRC
10-04-2018,0.010682008709732127,0,MGRC
11-04-2018,0.0077879840482166784,0,MGRC
12-04-2018,0.006071821038840186,0,MGRC
13-04-2018,0.0051527277701504115,0,MGRC
16-04-2018,0.022702222870798927,0,MGRC
17-04-2018,0.01754388691579467,0,MGRC
18-04-2018,0.04943689353436187,0,MGRC
19-04-2018,0.014417556339804793,1,MGRC
20-04-2018,-0.025615746449435095,0,MGRC
23-04-2018,0.00746282785024821,1,MGRC
24-04-2018,-0.002020246310390106,1,MGRC
25-04-2018,-0.008940497549937643,1,MGRC
26-04-2018,-0.0010214044575173054,0,MGRC
27-04-2018,0.01192711345412989,1,MGRC
30-04-2018,-0.007745500354283119,0,MGRC
01-05-2018,0.009502915668901935,0,MGRC
02-05-2018,0.025382457876470976,0,MGRC
03-05-2018,0.011639254279325995,1,MGRC
04-05-2018,-0.006968000591151213,0,MGRC
07-05-2018,0.020561301622089356,1,MGRC
08-05-2018,-0.00031974725886296795,0,MGRC
09-05-2018,0.014715260518995965,0,MGRC
10-05-2018,0.00614749651537605,1,MGRC
11-05-2018,-0.007833360514510557,1,MGRC
14-05-2018,-0.0023684836182167324,0,MGRC
15-05-2018,0.010129770362993229,0,MGRC
16-05-2018,0.009558153308630635,0,MGRC
17-05-2018,0.0,1,MGRC
18-05-2018,-0.007449980872312412,1,MGRC
21-05-2018,-0.0009382212984315741,0,MGRC
22-05-2018,0.0009391023842899582,0,MGRC
23-05-2018,0.003596504202828088,0,MGRC
24-05-2018,0.0010907440706533489,1,MGRC
25-05-2018,-0.021011571952175068,0,MGRC
29-05-2018,0.01860088429226736,0,MGRC
30-05-2018,0.0054626960110555345,0,MGRC
31-05-2018,0.010245394812248065,0,MGRC
01-06-2018,0.016441276549655548,0,MGRC
04-06-2018,0.015117135205195975,0,MGRC
05-06-2018,0.008339454556390846,0,MGRC
06-06-2018,0.00147715330522602,1,MGRC
07-06-2018,-0.014599949507133614,0,MGRC
08-06-2018,0.0019454496993227544,1,MGRC
11-06-2018,-0.008214810061424105,1,MGRC
12-06-2018,-0.014156677046718968,1,MGRC
13-06-2018,-0.00443024676009629,1,MGRC
14-06-2018,-0.008439434999311435,1,MGRC
15-06-2018,-0.0038686057229952997,1,MGRC
18-06-2018,-0.00046614606196815345,0,MGRC
19-06-2018,0.00015530455660495157,1,MGRC
20-06-2018,-0.0032633948171924,1,MGRC
21-06-2018,-0.0017149663639195456,0,MGRC
22-06-2018,0.00296739736865681,1,MGRC
25-06-2018,-0.011678555256611656,0,MGRC
26-06-2018,0.031038275911302593,1,MGRC
27-06-2018,-0.035910823167842554,0,MGRC
28-06-2018,0.0007923667533604739,0,MGRC
29-06-2018,0.0020590986454134264,0,MGRC
02-07-2018,0.007270380909753182,0,MGRC
03-07-2018,0.00894396823647381,0,MGRC
05-07-2018,0.011508624669298362,1,MGRC
06-07-2018,-0.0010762578795748823,0,MGRC
09-07-2018,0.006772420123831724,1,MGRC
10-07-2018,-0.025684265267617024,1,MGRC
11-07-2018,-0.01945701501295749,1,MGRC
12-07-2018,-0.007841299637279087,1,MGRC
13-07-2018,-0.0006451976848098617,0,MGRC
16-07-2018,0.0048685291618664195,1,MGRC
17-07-2018,-0.009851367613964324,1,MGRC
18-07-2018,-0.005219261421095078,0,MGRC
19-07-2018,0.022462576136484946,1,MGRC
20-07-2018,-0.00753689096951049,0,MGRC
23-07-2018,0.005008852750969517,1,MGRC
24-07-2018,-0.010610809668155419,0,MGRC
25-07-2018,0.0006499943679181275,1,MGRC
26-07-2018,-0.01883745880751797,1,MGRC
27-07-2018,-0.01241319399551366,1,MGRC
30-07-2018,-0.02480294384446491,0,MGRC
31-07-2018,0.020450320532069854,1,MGRC
01-08-2018,-0.026103163559902276,0,MGRC
02-08-2018,0.02887788321328766,1,MGRC
03-08-2018,-0.0016807342852588336,1,MGRC
06-08-2018,-0.035690198215199365,0,MGRC
07-08-2018,0.010998585958641005,0,MGRC
08-08-2018,0.001381476612342114,1,MGRC
09-08-2018,-0.010346709857011138,0,MGRC
10-08-2018,0.010977720811897962,1,MGRC
13-08-2018,-0.004309053100320814,0,MGRC
14-08-2018,0.00017308528143833435,1,MGRC
15-08-2018,-0.018518485575176657,0,MGRC
16-08-2018,0.01005121197517922,0,MGRC
17-08-2018,0.007856040540637599,0,MGRC
20-08-2018,0.0034643890941110644,0,MGRC
21-08-2018,0.0,0,MGRC
22-08-2018,0.002416785144876421,0,MGRC
23-08-2018,0.007404853806088463,1,MGRC
24-08-2018,-0.012136828317448112,1,MGRC
27-08-2018,-0.0074406607236146005,1,MGRC
28-08-2018,-0.012029324879649805,1,MGRC
29-08-2018,-0.0012352599160696531,0,MGRC
30-08-2018,0.015547814272352412,0,MGRC
31-08-2018,0.009046630040004722,1,MGRC
04-09-2018,-0.01017252720120676,1,MGRC
05-09-2018,-0.013586384954234032,1,MGRC
06-09-2018,-0.01183110653811359,1,MGRC
07-09-2018,-0.005003729065380935,1,MGRC
10-09-2018,-0.02765787376006512,0,MGRC
11-09-2018,0.008865819809815934,1,MGRC
12-09-2018,-0.02270230216160929,1,MGRC
13-09-2018,-0.011240271804859536,0,MGRC
14-09-2018,0.016673023191031255,1,MGRC
17-09-2018,-0.011927066847829515,1,MGRC
18-09-2018,-0.004149329971767091,0,MGRC
19-09-2018,0.027651621218638622,1,MGRC
20-09-2018,-0.001105691431467326,0,MGRC
21-09-2018,0.012177054870897708,0,MGRC
24-09-2018,0.013124381468931023,1,MGRC
25-09-2018,-0.008636340939731535,1,MGRC
26-09-2018,-0.014337673377344928,1,MGRC
27-09-2018,-0.005707859088397438,0,MGRC
28-09-2018,0.008703789740377887,0,MGRC
01-10-2018,0.010647973177436487,1,MGRC
02-10-2018,-0.043233425815030424,0,MGRC
03-10-2018,0.011771561498620242,1,MGRC
04-10-2018,-0.027772554944357597,0,MGRC
05-10-2018,0.0015439698913173316,1,MGRC
08-10-2018,-0.003854449716015007,1,MGRC
09-10-2018,-0.0015475546949544894,1,MGRC
10-10-2018,-0.02518905192502996,1,MGRC
11-10-2018,-0.019479020339809416,0,MGRC
12-10-2018,0.006689563083066563,1,MGRC
15-10-2018,-0.00020126912977802558,0,MGRC
16-10-2018,0.03183930273161706,1,MGRC
17-10-2018,-0.003734226144831654,1,MGRC
18-10-2018,-0.02860531229430796,1,MGRC
19-10-2018,-0.016856348652185327,0,MGRC
22-10-2018,0.010122041956345473,1,MGRC
23-10-2018,-0.024948906163952067,1,MGRC
24-10-2018,-0.027684527332502706,0,MGRC
25-10-2018,0.00776520032546868,1,MGRC
26-10-2018,-0.0064211971085254005,0,MGRC
29-10-2018,0.009694087006286933,0,MGRC
30-10-2018,0.02133551877701123,0,MGRC
31-10-2018,0.11531255619166947,1,MGRC
01-11-2018,-0.0073048727398656865,0,MGRC
02-11-2018,0.0007547230283593276,1,MGRC
05-11-2018,-0.000376999939642908,0,MGRC
06-11-2018,0.0024517703614963526,0,MGRC
07-11-2018,0.015051708123564822,1,MGRC
08-11-2018,-0.0035216565719928816,1,MGRC
09-11-2018,-0.006696481977171209,1,MGRC
12-11-2018,-0.019288314979367338,0,MGRC
13-11-2018,0.0032460811281691537,0,MGRC
14-11-2018,0.0024741696609675845,0,MGRC
15-11-2018,0.006075769348073079,0,MGRC
16-11-2018,0.00018863929116008649,1,MGRC
19-11-2018,-0.003962141810885278,1,MGRC
20-11-2018,-0.03845440139280354,0,MGRC
21-11-2018,0.02876295629386605,0,MGRC
23-11-2018,0.004595820160444797,1,MGRC
26-11-2018,-0.008768500214557884,0,MGRC
27-11-2018,0.002692250519623629,0,MGRC
28-11-2018,0.01706940818470759,1,MGRC
29-11-2018,-0.0015085921298030325,0,MGRC
30-11-2018,0.009065151394452187,0,MGRC
03-12-2018,0.002058785002745811,1,MGRC
04-12-2018,-0.03474027789080114,0,MGRC
06-12-2018,0.016060182365633224,1,MGRC
07-12-2018,-0.007236619815787382,1,MGRC
10-12-2018,-0.007864937510452141,0,MGRC
11-12-2018,0.014887897460683863,0,MGRC
12-12-2018,0.014478907674150943,1,MGRC
13-12-2018,-0.010328720868110985,1,MGRC
14-12-2018,-0.010436439253731167,1,MGRC
17-12-2018,-0.007094897424188562,0,MGRC
18-12-2018,0.003283068445100623,1,MGRC
19-12-2018,-0.02579392714549056,1,MGRC
20-12-2018,-0.0027662738244788043,1,MGRC
21-12-2018,-0.004557280078550163,1,MGRC
24-12-2018,-0.018710018046639076,0,MGRC
26-12-2018,0.04219067353770756,1,MGRC
27-12-2018,-0.010315459233360413,0,MGRC
28-12-2018,0.0019667448910565266,0,MGRC
31-12-2018,0.010402357641192017,1,MGRC
02-01-2019,-0.013597621451356345,1,MGRC
03-01-2019,-0.0421424322217524,0,MGRC
04-01-2019,0.01994225578210318,0,MGRC
07-01-2019,0.011489711706537342,0,MGRC
08-01-2019,0.01693891049089169,0,MGRC
09-01-2019,0.013913656766112892,1,MGRC
10-01-2019,-0.008890834184158813,0,MGRC
11-01-2019,0.0029252997860949037,1,MGRC
14-01-2019,-0.012249835412288634,0,MGRC
15-01-2019,0.008267782991796313,1,MGRC
16-01-2019,-0.0051100642092375415,1,MGRC
17-01-2019,-0.010075019357624115,0,MGRC
18-01-2019,0.016364133374810352,1,MGRC
22-01-2019,-0.026899634573316233,1,MGRC
23-01-2019,-0.019168776556063083,0,MGRC
24-01-2019,0.007817226335746774,0,MGRC
25-01-2019,0.010410318894414683,0,MGRC
28-01-2019,0.001414188974750763,1,MGRC
29-01-2019,-0.005850474100582925,0,MGRC
30-01-2019,0.00831987430964709,0,MGRC
31-01-2019,0.01428870896407286,1,MGRC
01-02-2019,-0.014484348641321199,1,MGRC
04-02-2019,-0.018924867113039423,0,MGRC
05-02-2019,0.012107666393532446,0,MGRC
06-02-2019,0.009529499958261578,1,MGRC
07-02-2019,-0.007029435138458773,0,MGRC
08-02-2019,0.0022247712198930625,0,MGRC
11-02-2019,0.011705591437177976,0,MGRC
12-02-2019,0.014163049602230027,1,MGRC
13-02-2019,-0.006687507883671784,0,MGRC
14-02-2019,0.0031681132131999856,0,MGRC
15-02-2019,0.03671533711679631,1,MGRC
19-02-2019,-0.006092835693312759,0,MGRC
20-02-2019,0.015134076156350984,1,MGRC
21-02-2019,-0.00452913402510402,0,MGRC
22-02-2019,0.014597109444602241,1,MGRC
25-02-2019,-0.005418457907819252,0,MGRC
26-02-2019,0.0016907674177506493,0,MGRC
27-02-2019,0.1307201102636295,1,MGRC
28-02-2019,-0.0074639548189237015,1,MGRC
01-03-2019,-0.003175027742516656,0,MGRC
04-03-2019,0.006538106393081833,1,MGRC
05-03-2019,-0.02514988749781699,1,MGRC
06-03-2019,-0.0011960774149480935,1,MGRC
07-03-2019,-0.007013261974455509,1,MGRC
08-03-2019,-0.013436695720335123,0,MGRC
11-03-2019,0.020778687833742815,1,MGRC
12-03-2019,-0.014710864783257227,1,MGRC
13-03-2019,-0.007291560302217004,0,MGRC
14-03-2019,0.0015738980496844412,0,MGRC
15-03-2019,0.009778218538180505,0,MGRC
18-03-2019,0.015389953618174523,1,MGRC
19-03-2019,-0.003406000714675117,1,MGRC
20-03-2019,-0.010423781409589994,0,MGRC
21-03-2019,0.00811616539710247,1,MGRC
22-03-2019,-0.013874752660882228,1,MGRC
25-03-2019,-0.00694807593098401,0,MGRC
26-03-2019,0.009445537866866083,1,MGRC
27-03-2019,-0.0027724459706895965,1,MGRC
28-03-2019,-0.0015639202078592263,1,MGRC
29-03-2019,-0.015489053800065267,0,MGRC
01-04-2019,0.022626890452981607,1,MGRC
02-04-2019,-0.008470186279310732,1,MGRC
03-04-2019,-0.0019177974859598823,0,MGRC
04-04-2019,0.003493668956055407,0,MGRC
05-04-2019,0.009573328799585834,0,MGRC
08-04-2019,0.015172596299196428,1,MGRC
09-04-2019,-0.0005096460749811627,0,MGRC
10-04-2019,0.00883602629565261,1,MGRC
11-04-2019,-0.013137883831635944,1,MGRC
12-04-2019,-0.000944860520919466,0,MGRC
15-04-2019,0.0006877644861564836,0,MGRC
16-04-2019,0.01048118250474328,1,MGRC
17-04-2019,-0.004421092985084418,0,MGRC
18-04-2019,0.0015371452093191351,0,MGRC
22-04-2019,0.004433979011967848,0,MGRC
23-04-2019,0.019694377301878063,0,MGRC
24-04-2019,0.0064934502830344965,0,MGRC
25-04-2019,0.0014888978702201072,0,MGRC
26-04-2019,0.01850000659062112,0,MGRC
29-04-2019,0.009244249436949126,1,MGRC
30-04-2019,-0.0036958886048410466,0,MGRC
01-05-2019,0.02903220857739197,1,MGRC
02-05-2019,-0.023824489154417483,0,MGRC
03-05-2019,0.03725109245233171,1,MGRC
06-05-2019,-0.00495348318808464,1,MGRC
07-05-2019,-0.01866837858885928,1,MGRC
08-05-2019,-0.01648696696658325,0,MGRC
09-05-2019,0.016441065362014395,1,MGRC
10-05-2019,-0.009356145681103767,1,MGRC
13-05-2019,-0.027853343003732434,1,MGRC
14-05-2019,-0.005763218860232122,1,MGRC
15-05-2019,-0.001325088044397793,1,MGRC
16-05-2019,-0.01011603287680607,1,MGRC
17-05-2019,-0.0003351014554597853,1,MGRC
20-05-2019,-0.012569064812974262,0,MGRC
21-05-2019,0.005940263154690539,1,MGRC
22-05-2019,-0.018896550570509985,1,MGRC
23-05-2019,-0.022527967889843348,0,MGRC
24-05-2019,0.015306143792962912,1,MGRC
28-05-2019,-0.002945773766865334,1,MGRC
29-05-2019,-0.01233930684345852,0,MGRC
30-05-2019,0.0015837389188095852,1,MGRC
31-05-2019,-0.012122303388460098,0,MGRC
03-06-2019,0.002667586777920894,0,MGRC
04-06-2019,0.01614043279529276,0,MGRC
05-06-2019,0.004712927134083111,0,MGRC
06-06-2019,0.011987517941366432,0,MGRC
07-06-2019,0.007553581421454014,0,MGRC
10-06-2019,0.014482928781182292,0,MGRC
11-06-2019,0.006046412894898712,0,MGRC
12-06-2019,0.007011584219043909,0,MGRC
13-06-2019,0.011936319938915307,1,MGRC
14-06-2019,-0.013925213620896937,1,MGRC
17-06-2019,-0.00382135273074391,0,MGRC
18-06-2019,0.017011538012743133,1,MGRC
19-06-2019,-0.00032801252038927586,0,MGRC
20-06-2019,0.010334627676851893,1,MGRC
21-06-2019,-0.016236424930607285,1,MGRC
24-06-2019,-0.003135810883125534,0,MGRC
25-06-2019,0.0016554780107680411,0,MGRC
26-06-2019,0.010082725029707307,0,MGRC
27-06-2019,0.013091206134181022,0,MGRC
28-06-2019,0.0038765667402693715,1,MGRC
01-07-2019,-0.006596924599739151,0,MGRC
02-07-2019,0.008098587044192973,0,MGRC
03-07-2019,0.010282678636586828,0,MGRC
05-07-2019,0.0007950287246107912,0,MGRC
08-07-2019,0.0012712660067439874,0,MGRC
09-07-2019,0.0025393678450955637,0,MGRC
10-07-2019,0.003166026186068427,0,MGRC
11-07-2019,0.008994798941789783,0,MGRC
12-07-2019,0.018767584742250598,0,MGRC
15-07-2019,0.00030725049292490425,0,MGRC
16-07-2019,0.00208360213101777,0,MGRC
17-07-2019,0.004004972174868504,1,MGRC
18-07-2019,-0.02209261915179328,0,MGRC
19-07-2019,0.00031370067913361055,1,MGRC
22-07-2019,-0.011606050400226331,0,MGRC
23-07-2019,0.019676421720104198,0,MGRC
24-07-2019,0.008403373920769175,1,MGRC
25-07-2019,-0.009259424159269614,0,MGRC
26-07-2019,0.011993999629751562,1,MGRC
29-07-2019,-0.0026166531041810215,0,MGRC
30-07-2019,0.027623431368038576,0,MGRC
31-07-2019,0.022826159820908742,0,MGRC
01-08-2019,0.007487944959286175,1,MGRC
02-08-2019,-0.009618253835242951,1,MGRC
05-08-2019,-0.03899358609246928,1,MGRC
06-08-2019,-0.02005811756136444,0,MGRC
07-08-2019,0.01156246519248616,0,MGRC
08-08-2019,0.0199259242753973,1,MGRC
09-08-2019,-0.009238351943990586,1,MGRC
12-08-2019,-0.011617076150092775,0,MGRC
13-08-2019,0.015774756782412913,1,MGRC
14-08-2019,-0.009744234436575239,1,MGRC
15-08-2019,-0.00030743055334792047,0,MGRC
16-08-2019,0.016610176134844723,0,MGRC
19-08-2019,0.016792658027720897,1,MGRC
20-08-2019,-0.0075880966912657,1,MGRC
21-08-2019,-0.0014991371580735935,1,MGRC
22-08-2019,-0.019519547434479145,1,MGRC
23-08-2019,-0.02894338395824203,0,MGRC
26-08-2019,0.006150452395828232,1,MGRC
27-08-2019,-0.012068882677301107,0,MGRC
28-08-2019,0.012375000762888222,0,MGRC
29-08-2019,0.011596956133408609,1,MGRC
30-08-2019,-0.008055794810672867,0,MGRC
03-09-2019,0.002186460018721803,1,MGRC
04-09-2019,-0.008259361446397051,0,MGRC
05-09-2019,0.027498492783462947,1,MGRC
06-09-2019,-0.013304712508764527,0,MGRC
09-09-2019,0.011934262929773398,1,MGRC
10-09-2019,-0.003982214228948289,0,MGRC
11-09-2019,0.025834296948624935,0,MGRC
12-09-2019,0.02683265343486574,0,MGRC
13-09-2019,0.011970667547402947,1,MGRC
16-09-2019,-0.003029465377513807,1,MGRC
17-09-2019,-0.011575800889359722,1,MGRC
18-09-2019,-0.008783644347167718,0,MGRC
19-09-2019,0.007975438919592737,0,MGRC
20-09-2019,0.012600694887635822,1,MGRC
23-09-2019,-0.0039069951471020214,1,MGRC
24-09-2019,-0.011475683702151906,0,MGRC
25-09-2019,0.018662760837903525,1,MGRC
26-09-2019,-0.002164118546850835,0,MGRC
27-09-2019,0.007373196499313117,1,MGRC
30-09-2019,-0.0012916018277948638,1,MGRC
01-10-2019,-0.0012931570582951357,1,MGRC
02-10-2019,-0.0505037896508268,1,MGRC
03-10-2019,-0.0036368467658672854,0,MGRC
04-10-2019,0.019467600134418284,0,MGRC
07-10-2019,0.0005968461844167994,1,MGRC
08-10-2019,-0.019233641567717674,0,MGRC
09-10-2019,0.00516874379910659,0,MGRC
10-10-2019,0.0024199387291463648,0,MGRC
11-10-2019,0.01523835479889013,1,MGRC
14-10-2019,-0.01887342778006973,0,MGRC
15-10-2019,0.01181454487584821,0,MGRC
16-10-2019,0.0008281078955303389,0,MGRC
17-10-2019,0.013236965110632548,0,MGRC
18-10-2019,0.013509343995464551,0,MGRC
21-10-2019,0.009374697596518988,1,MGRC
22-10-2019,-0.01915545268734209,0,MGRC
23-10-2019,0.015386864635843711,1,MGRC
24-10-2019,-0.005682563709669686,1,MGRC
25-10-2019,-0.001905168970760318,0,MGRC
28-10-2019,0.027602564075563052,0,MGRC
29-10-2019,0.015287698416087236,0,MGRC
30-10-2019,0.1041375108319802,1,MGRC
31-10-2019,-0.027402565546675528,1,MGRC
01-11-2019,-0.00956621956846071,1,MGRC
04-11-2019,-0.00092618454669946,1,MGRC
05-11-2019,-0.0015891866916537545,1,MGRC
06-11-2019,-0.007958686835170647,0,MGRC
07-11-2019,0.0,1,MGRC
08-11-2019,-0.014172816059093818,1,MGRC
11-11-2019,-0.0004071584222400393,1,MGRC
12-11-2019,-0.004477647445545907,1,MGRC
13-11-2019,-0.008450104542862547,0,MGRC
14-11-2019,0.003711159835214417,0,MGRC
15-11-2019,0.002191135032393321,1,MGRC
18-11-2019,-0.002322902505393687,0,MGRC
19-11-2019,0.028763279509630202,1,MGRC
20-11-2019,-0.023965066024805748,1,MGRC
21-11-2019,-0.0075022656809745625,1,MGRC
22-11-2019,-0.013056660495940564,0,MGRC
25-11-2019,0.02005294420283832,0,MGRC
26-11-2019,0.02252566529365163,1,MGRC
27-11-2019,-0.018424699816209422,1,MGRC
29-11-2019,-0.0024483032110851344,0,MGRC
02-12-2019,0.000818104037102696,0,MGRC
03-12-2019,0.004496165523860451,1,MGRC
04-12-2019,-0.0008139925877063137,0,MGRC
05-12-2019,0.021039990065332637,0,MGRC
06-12-2019,0.016484763369622124,0,MGRC
09-12-2019,0.007978220012807347,1,MGRC
10-12-2019,-0.02244732031488228,0,MGRC
11-12-2019,0.007963969361391099,1,MGRC
12-12-2019,-0.015275292008968155,1,MGRC
13-12-2019,-0.008692216052055501,0,MGRC
16-12-2019,0.003912227301352322,0,MGRC
17-12-2019,0.008196596673345047,0,MGRC
18-12-2019,0.024790298600517957,0,MGRC
19-12-2019,0.003251297409658127,0,MGRC
20-12-2019,0.005963123717306562,1,MGRC
23-12-2019,-0.0009020751425307116,0,MGRC
24-12-2019,0.0007738907018404184,1,MGRC
26-12-2019,-0.002835268001897595,0,MGRC
27-12-2019,0.0021971042843276223,0,MGRC
30-12-2019,0.0016764612689861291,1,MGRC
31-12-2019,-0.014548756860402134,0,MGRC
02-01-2020,0.000653337267586318,0,MGRC
03-01-2020,0.004178108211285947,0,MGRC
06-01-2020,0.0020805175524434283,0,MGRC
07-01-2020,0.001816350108256204,0,MGRC
08-01-2020,0.010231809334033448,0,MGRC
09-01-2020,0.0005128864770738151,1,MGRC
10-01-2020,-0.006535133452148956,0,MGRC
13-01-2020,0.015349020697798865,0,MGRC
14-01-2020,0.009781444613134349,0,MGRC
15-01-2020,0.004025679736349375,1,MGRC
16-01-2020,-0.009630481400254132,1,MGRC
17-01-2020,-0.009279300533754364,0,MGRC
21-01-2020,0.0011546465108629445,1,MGRC
22-01-2020,-0.014097052877035665,0,MGRC
23-01-2020,0.005719427898431606,0,MGRC
24-01-2020,0.0010338796783440074,0,MGRC
27-01-2020,0.0061975881256846055,0,MGRC
28-01-2020,0.013730414747012754,0,MGRC
29-01-2020,0.019366919259740767,0,MGRC
30-01-2020,0.01080349298526917,1,MGRC
31-01-2020,-0.0501227417166028,0,MGRC
03-02-2020,0.006854484261070493,0,MGRC
04-02-2020,0.014386804083041493,0,MGRC
05-02-2020,0.02165364987576135,0,MGRC
06-02-2020,0.0011156299081620524,1,MGRC
07-02-2020,-0.01077138968377267,0,MGRC
10-02-2020,0.007384231070592939,0,MGRC
11-02-2020,0.018884342125516262,0,MGRC
12-02-2020,0.013656928168964244,1,MGRC
13-02-2020,-0.026103836377653455,0,MGRC
14-02-2020,0.006546500373807218,1,MGRC
18-02-2020,-0.0038041828881071327,0,MGRC
19-02-2020,0.007514213663681213,1,MGRC
20-02-2020,-0.012960035889061583,1,MGRC
21-02-2020,-0.015235893880765627,1,MGRC
24-02-2020,-0.012075450388768338,1,MGRC
25-02-2020,-0.03183104878494614,1,MGRC
26-02-2020,-0.05418188979515459,1,MGRC
27-02-2020,-0.02169088068747338,1,MGRC
28-02-2020,-0.012933441178708649,0,MGRC
02-03-2020,0.017710606537508777,1,MGRC
03-03-2020,-0.03353132676547266,0,MGRC
04-03-2020,0.03996472474736623,1,MGRC
05-03-2020,-0.05166082972318187,1,MGRC
06-03-2020,-0.02998389758880593,1,MGRC
09-03-2020,-0.1536342090497208,0,MGRC
10-03-2020,0.05134694185431865,1,MGRC
11-03-2020,-0.08650048637120566,1,MGRC
12-03-2020,-0.11257530325680076,0,MGRC
13-03-2020,0.16991934274173426,1,MGRC
16-03-2020,-0.10371711630990754,0,MGRC
17-03-2020,0.05158811472943703,1,MGRC
18-03-2020,-0.10388607149813678,0,MGRC
19-03-2020,0.04701597171421601,1,MGRC
20-03-2020,-0.03465246820100287,1,MGRC
23-03-2020,-0.008283815619482215,0,MGRC
24-03-2020,0.12679383956562962,1,MGRC
25-03-2020,-0.02014851031736231,0,MGRC
26-03-2020,0.0642097602331353,1,MGRC
27-03-2020,-0.06744437684485205,0,MGRC
30-03-2020,0.0512117557939753,1,MGRC
31-03-2020,-0.02603187048043465,1,MGRC
01-04-2020,-0.04410084987980545,0,MGRC
02-04-2020,0.043538925918219507,1,MGRC
03-04-2020,-0.03215309517260312,0,MGRC
06-04-2020,0.07079304218093885,1,MGRC
07-04-2020,-0.029917037856654893,0,MGRC
08-04-2020,0.016371737871605285,0,MGRC
09-04-2020,0.04364110383398301,1,MGRC
13-04-2020,-0.05527640050795957,0,MGRC
14-04-2020,0.025277722780184142,1,MGRC
15-04-2020,-0.0767650290506302,1,MGRC
16-04-2020,-0.024276860860806715,0,MGRC
17-04-2020,0.07256895209585479,1,MGRC
20-04-2020,-0.016431436609340877,1,MGRC
21-04-2020,-0.011988983589358626,1,MGRC
22-04-2020,-0.006166623987999054,0,MGRC
23-04-2020,0.008006387344502874,0,MGRC
24-04-2020,0.015091246591059981,0,MGRC
27-04-2020,0.06964016201994361,0,MGRC
28-04-2020,0.018471078331454116,0,MGRC
29-04-2020,0.08242041946788192,1,MGRC
30-04-2020,-0.09505631183183505,1,MGRC
01-05-2020,-0.026764392812718807,0,MGRC
04-05-2020,0.0,1,MGRC
05-05-2020,-0.02222640336624404,1,MGRC
06-05-2020,-0.015218750400261216,1,MGRC
07-05-2020,-0.005085922733839898,0,MGRC
08-05-2020,0.0399134442647775,1,MGRC
11-05-2020,-0.03970503458520447,1,MGRC
12-05-2020,-0.04252805478243671,1,MGRC
13-05-2020,-0.022414162318445174,0,MGRC
14-05-2020,0.051956165241501484,0,MGRC
15-05-2020,0.0053988614623416975,0,MGRC
18-05-2020,0.06662698548387014,1,MGRC
19-05-2020,-0.012306459435039052,0,MGRC
20-05-2020,0.02114387722172073,1,MGRC
21-05-2020,-0.003512642173308378,0,MGRC
22-05-2020,0.010946231883010693,0,MGRC
26-05-2020,0.03578630582533315,0,MGRC
27-05-2020,0.04730694358386467,1,MGRC
28-05-2020,-0.01641007435000652,1,MGRC
29-05-2020,-0.04093562502837822,0,MGRC
01-06-2020,0.008070283525674071,0,MGRC
02-06-2020,0.01014048024813885,0,MGRC
03-06-2020,0.022367010936733767,0,MGRC
04-06-2020,0.013953540383783825,0,MGRC
05-06-2020,0.03007138461447978,1,MGRC
08-06-2020,-0.00032989493780632984,1,MGRC
09-06-2020,-0.003629847117494034,1,MGRC
10-06-2020,-0.015068701798740647,1,MGRC
11-06-2020,-0.08994621083432142,0,MGRC
12-06-2020,0.014040404128502049,0,MGRC
15-06-2020,0.005829785626704664,0,MGRC
16-06-2020,0.006701769817921699,1,MGRC
17-06-2020,-0.02338986856422387,1,MGRC
18-06-2020,-0.018791441770441675,1,MGRC
19-06-2020,-0.009200042400253183,0,MGRC
22-06-2020,0.002084453506226991,0,MGRC
23-06-2020,0.009833668710973686,1,MGRC
24-06-2020,-0.036891407373419005,0,MGRC
25-06-2020,0.022943879314341054,1,MGRC
26-06-2020,-0.024330039992701447,0,MGRC
29-06-2020,0.045587337189723964,0,MGRC
30-06-2020,0.006334908630561742,1,MGRC
01-07-2020,-0.019625896597464054,1,MGRC
02-07-2020,-0.000755487463277027,0,MGRC
06-07-2020,0.0007560586561132787,1,MGRC
07-07-2020,-0.017374874246407157,1,MGRC
08-07-2020,-0.009033260758741002,1,MGRC
09-07-2020,-0.025989067684230593,0,MGRC
10-07-2020,0.020509758441632497,0,MGRC
13-07-2020,0.028097483072145213,0,MGRC
14-07-2020,0.009489371618558673,0,MGRC
15-07-2020,0.04267735868901634,1,MGRC
16-07-2020,-0.012173070672364283,0,MGRC
17-07-2020,0.005885710362728114,1,MGRC
20-07-2020,-0.02249048561555289,0,MGRC
21-07-2020,0.02038907893649977,1,MGRC
22-07-2020,-0.0056827706176509896,0,MGRC
23-07-2020,0.0320795671855616,1,MGRC
24-07-2020,-0.019828554362562367,0,MGRC
27-07-2020,0.011299471612101097,1,MGRC
28-07-2020,-0.0023427912553711794,0,MGRC
29-07-2020,0.05346830562873017,0,MGRC
30-07-2020,0.028463550202558308,1,MGRC
31-07-2020,-0.03267752829921666,0,MGRC
03-08-2020,0.0070665112346890435,0,MGRC
04-08-2020,0.0037651602729016354,0,MGRC
05-08-2020,0.012105758659985089,0,MGRC
06-08-2020,0.008086274998861942,0,MGRC
07-08-2020,0.010026666701465459,0,MGRC
10-08-2020,0.017538032058473707,0,MGRC
11-08-2020,0.031056945584732043,0,MGRC
12-08-2020,0.08894498705649512,1,MGRC
13-08-2020,-0.022592356863655128,1,MGRC
14-08-2020,-0.0002963169001063415,1,MGRC
17-08-2020,-0.0028160185402836824,1,MGRC
18-08-2020,-0.00059459960106234,0,MGRC
19-08-2020,0.007882115850646798,1,MGRC
20-08-2020,-0.0025083452111681614,0,MGRC
21-08-2020,0.00014797511476727365,0,MGRC
24-08-2020,0.016861354318282062,1,MGRC
25-08-2020,-0.006399950932119314,1,MGRC
26-08-2020,-0.017274317701488795,0,MGRC
27-08-2020,0.005064866962471104,1,MGRC
28-08-2020,-0.0020750645846346893,1,MGRC
31-08-2020,-0.014406507602857888,0,MGRC
01-09-2020,0.011151241805930745,0,MGRC
02-09-2020,0.009239795359643477,1,MGRC
03-09-2020,-0.02185459398145362,1,MGRC
04-09-2020,-0.018266768631068908,1,MGRC
08-09-2020,-0.01599267989333253,1,MGRC
09-09-2020,-0.008595148650059392,1,MGRC
10-09-2020,-0.007881519881941856,1,MGRC
11-09-2020,-0.007308531698829279,1,MGRC
14-09-2020,-0.008962850914857268,1,MGRC
15-09-2020,-0.023578785972017458,0,MGRC
16-09-2020,0.014720416319664809,1,MGRC
17-09-2020,-0.0004888954793397238,1,MGRC
18-09-2020,-0.01973258943102474,1,MGRC
21-09-2020,-0.03942766733556857,0,MGRC
22-09-2020,0.012123236233209544,1,MGRC
23-09-2020,-0.008384543182799242,0,MGRC
24-09-2020,0.0050042567916648295,0,MGRC
25-09-2020,0.004292579770049487,0,MGRC
28-09-2020,0.030774472466414293,1,MGRC
29-09-2020,-0.011278902986267436,1,MGRC
30-09-2020,-0.00033548780431091885,0,MGRC
01-10-2020,0.02718579413097677,0,MGRC
02-10-2020,0.011272738081766764,0,MGRC
05-10-2020,0.023263325889920194,0,MGRC
06-10-2020,0.015471947217504889,0,MGRC
07-10-2020,0.02689695851804985,0,MGRC
08-10-2020,0.003936101629049338,0,MGRC
09-10-2020,0.024280052597477342,0,MGRC
12-10-2020,0.012809157216044476,1,MGRC
13-10-2020,-0.03837760572634319,1,MGRC
14-10-2020,-0.018291738547691283,0,MGRC
15-10-2020,0.00976447055913554,1,MGRC
16-10-2020,-0.00675367746660438,1,MGRC
19-10-2020,-0.022098654293461695,0,MGRC
20-10-2020,0.004266714465573251,1,MGRC
21-10-2020,-0.005035346495272819,0,MGRC
22-10-2020,0.015024512118082756,1,MGRC
23-10-2020,-0.008725463204590889,1,MGRC
26-10-2020,-0.021691255243611263,1,MGRC
27-10-2020,-0.03438315534711556,1,MGRC
28-10-2020,-0.02828609087924172,1,MGRC
29-10-2020,-0.0005137237438942455,1,MGRC
30-10-2020,-0.022100411708607326,0,MGRC
02-11-2020,0.03416255145263469,0,MGRC
03-11-2020,0.013721916708795634,1,MGRC
04-11-2020,-0.0210562065417097,0,MGRC
05-11-2020,0.015022264809019914,1,MGRC
06-11-2020,-0.0026909508776693514,0,MGRC
09-11-2020,0.04569984336805266,0,MGRC
10-11-2020,0.03434935237137693,1,MGRC
11-11-2020,-0.018553224884429453,1,MGRC
12-11-2020,-0.02160439583734397,0,MGRC
13-11-2020,0.01688586460799013,0,MGRC
16-11-2020,0.032093204027816125,1,MGRC
17-11-2020,-0.00928215211118355,0,MGRC
18-11-2020,0.007651417842889474,0,MGRC
19-11-2020,0.0010848198559425537,0,MGRC
20-11-2020,0.0,0,MGRC
23-11-2020,0.010216737266278697,0,MGRC
24-11-2020,0.026815816200550513,1,MGRC
25-11-2020,-0.01880327195248166,1,MGRC
27-11-2020,-0.013536076537860708,1,MGRC
30-11-2020,-0.018809707364015327,0,MGRC
01-12-2020,0.011313643703152243,1,MGRC
02-12-2020,-0.014916042525442985,0,MGRC
03-12-2020,0.010252315843355841,0,MGRC
04-12-2020,0.026229518323924284,1,MGRC
07-12-2020,-0.009128343899087121,0,MGRC
08-12-2020,0.0012283727420372426,1,MGRC
09-12-2020,-0.008127568809533359,1,MGRC
10-12-2020,-0.012677878302755907,1,MGRC
11-12-2020,-0.015189430979944407,0,MGRC
14-12-2020,0.0011129856197003019,0,MGRC
15-12-2020,0.010959383173181125,0,MGRC
16-12-2020,0.0009427012779672506,0,MGRC
17-12-2020,0.016166883884109806,0,MGRC
18-12-2020,0.014828672561832734,1,MGRC
21-12-2020,-0.055251185713901085,1,MGRC
22-12-2020,-0.00225544084715934,0,MGRC
23-12-2020,0.030679795404557453,0,MGRC
24-12-2020,0.006109974311088173,0,MGRC
28-12-2020,0.015882772609080664,1,MGRC
29-12-2020,-0.009043439524016095,0,MGRC
30-12-2020,0.019489612206441187,0,MGRC
31-12-2020,0.01805486367655651,1,MGRC
04-01-2021,-0.024739248958840054,0,MGRC
05-01-2021,0.02995114408718269,0,MGRC
06-01-2021,0.07804167743413326,0,MGRC
07-01-2021,0.0253233785532454,1,MGRC
08-01-2021,-0.016510144512189018,1,MGRC
11-01-2021,-0.009826619770075151,0,MGRC
12-01-2021,0.02977252851440637,1,MGRC
13-01-2021,-0.034667310788514816,0,MGRC
14-01-2021,0.013249619667519141,0,MGRC
15-01-2021,0.0006881849202355905,1,MGRC
19-01-2021,-0.011416734797721317,1,MGRC
20-01-2021,-0.002087175866889557,0,MGRC
21-01-2021,0.010039140041852246,0,MGRC
22-01-2021,0.01187179732348187,1,MGRC
25-01-2021,-0.008594848226149088,1,MGRC
26-01-2021,-0.005091400882994868,1,MGRC
27-01-2021,-0.019640473359070154,1,MGRC
28-01-2021,-0.003668099062179797,1,MGRC
29-01-2021,-0.01175299616319414,0,MGRC
01-02-2021,0.032955891153861216,0,MGRC
02-02-2021,0.017894315400963867,1,MGRC
03-02-2021,-0.005587356152330192,0,MGRC
04-02-2021,0.03179399071948552,0,MGRC
05-02-2021,0.0023906766887407116,0,MGRC
08-02-2021,0.0348482700704138,0,MGRC
09-02-2021,0.014724709189067431,0,MGRC
10-02-2021,0.004416398750284767,0,MGRC
11-02-2021,0.005150853126703714,0,MGRC
12-02-2021,0.003374466593947245,1,MGRC
16-02-2021,-0.015944160944655228,1,MGRC
17-02-2021,-0.014810126174436888,1,MGRC
18-02-2021,-0.0035975208511718204,0,MGRC
19-02-2021,0.021534456194136187,0,MGRC
22-02-2021,0.015905036155023256,1,MGRC
23-02-2021,-0.02422962184960531,0,MGRC
24-02-2021,0.001018729016706521,1,MGRC
25-02-2021,-0.008395961178552791,1,MGRC
26-02-2021,-0.0037201231689678593,0,MGRC
01-03-2021,0.011846327777436327,1,MGRC
02-03-2021,-0.02137940335672206,0,MGRC
03-03-2021,0.020155994185348414,1,MGRC
04-03-2021,-0.030975203673366702,0,MGRC
05-03-2021,0.02867674625186245,0,MGRC
08-03-2021,0.009590739485901834,1,MGRC
09-03-2021,-0.015579390931758308,0,MGRC
10-03-2021,0.024189337771735486,1,MGRC
11-03-2021,-0.0011306159919178826,0,MGRC
12-03-2021,0.01899126632047543,0,MGRC
15-03-2021,0.02382127654632149,1,MGRC
16-03-2021,-0.009041634365816842,0,MGRC
17-03-2021,0.028710466350959196,1,MGRC
18-03-2021,-0.009342434777770303,1,MGRC
19-03-2021,-0.005491280328576376,1,MGRC
22-03-2021,-0.02520703110461464,1,MGRC
23-03-2021,-0.03263134580177063,1,MGRC
24-03-2021,-0.007637549527726661,0,MGRC
25-03-2021,0.014109741621348482,0,MGRC
26-03-2021,0.03781951013397333,1,MGRC
29-03-2021,-0.02084101436422503,0,MGRC
30-03-2021,0.011077980387439457,1,MGRC
31-03-2021,-0.007140194348957185,0,MGRC
01-04-2021,0.01661487906183612,0,MGRC
05-04-2021,0.00426880860004486,1,MGRC
06-04-2021,-0.008501326663715947,1,MGRC
07-04-2021,-0.017393323703547847,0,MGRC
08-04-2021,0.002742485135938333,0,MGRC
09-04-2021,0.012431555869894417,0,MGRC
12-04-2021,0.0009822332371589582,1,MGRC
13-04-2021,-0.013370848209043773,0,MGRC
14-04-2021,0.01306325386733942,0,MGRC
15-04-2021,0.0008637936149511471,0,MGRC
16-04-2021,0.014671439708971556,1,MGRC
19-04-2021,-0.011178667784228935,1,MGRC
20-04-2021,-0.020766698472292955,0,MGRC
21-04-2021,0.01919937727482446,1,MGRC
22-04-2021,-0.008372365837279072,0,MGRC
23-04-2021,0.01601695221184274,0,MGRC
26-04-2021,0.0021996192689011096,1,MGRC
27-04-2021,-0.0009754629169278495,0,MGRC
28-04-2021,0.015867217996155647,1,MGRC
29-04-2021,-0.011654440578464653,1,MGRC
30-04-2021,-0.003403837283540323,0,MGRC
03-05-2021,0.005855012525734837,1,MGRC
04-05-2021,-0.016371525154786903,1,MGRC
05-05-2021,-0.0012328583274118232,0,MGRC
06-05-2021,0.012837932279263331,0,MGRC
07-05-2021,0.011090714209046615,1,MGRC
10-05-2021,-0.005665357732858256,1,MGRC
11-05-2021,-0.0003637165451224611,1,MGRC
12-05-2021,-0.017099129888562326,0,MGRC
13-05-2021,0.013201680616591993,0,MGRC
14-05-2021,0.048222136776473246,1,MGRC
17-05-2021,-0.012778801318866329,1,MGRC
18-05-2021,-0.010002383217813438,1,MGRC
19-05-2021,-0.0048734076622606315,0,MGRC
20-05-2021,0.003463965794127999,0,MGRC
21-05-2021,0.021545030931830356,0,MGRC
24-05-2021,0.007340870265256205,1,MGRC
25-05-2021,-0.026026616727063523,0,MGRC
26-05-2021,0.0013064216010829632,0,MGRC
27-05-2021,0.01043773672394166,0,MGRC
28-05-2021,0.006338771025303114,0,MGRC
01-06-2021,0.0120145231975195,1,MGRC
02-06-2021,-0.018902709140730445,1,MGRC
03-06-2021,-0.01609495922297899,0,MGRC
04-06-2021,0.0017910393075100117,0,MGRC
07-06-2021,0.014541161402027214,0,MGRC
08-06-2021,0.004464247894005791,1,MGRC
09-06-2021,-0.015438603228426384,1,MGRC
10-06-2021,-0.012235654268585971,0,MGRC
11-06-2021,0.019362550469774975,1,MGRC
14-06-2021,-0.005073138378510866,0,MGRC
15-06-2021,0.01268820393114356,1,MGRC
16-06-2021,-0.031030411936248448,1,MGRC
17-06-2021,-0.035166223515823214,1,MGRC
18-06-2021,-0.021417849017832502,0,MGRC
21-06-2021,0.025214403483870163,1,MGRC
22-06-2021,-0.007740199455376073,1,MGRC
23-06-2021,-0.003397128424600493,0,MGRC
24-06-2021,0.01792700060889163,0,MGRC
25-06-2021,0.004588874223021122,1,MGRC
28-06-2021,-0.00703707253539565,1,MGRC
29-06-2021,-0.00882753818787052,0,MGRC
30-06-2021,0.023206184030310828,0,MGRC
01-07-2021,0.009071985929026471,1,MGRC
02-07-2021,-0.00971926242017851,1,MGRC
06-07-2021,-0.03484248150117275,1,MGRC
07-07-2021,-0.013728230342351488,0,MGRC
08-07-2021,0.0038665650927487416,0,MGRC
09-07-2021,0.042752607735925485,0,MGRC
12-07-2021,0.0012311885999585215,1,MGRC
13-07-2021,-0.014264603152815969,1,MGRC
14-07-2021,-0.009730643291251728,1,MGRC
15-07-2021,-0.014123634763949289,1,MGRC
16-07-2021,-0.004882498700660154,1,MGRC
19-07-2021,-0.028276241424195714,0,MGRC
20-07-2021,0.020196606430000097,0,MGRC
21-07-2021,0.013414936124935162,1,MGRC
22-07-2021,-0.009895857437684286,0,MGRC
23-07-2021,0.0006489540728082943,0,MGRC
26-07-2021,0.0006486321719181287,1,MGRC
27-07-2021,-0.010111469866067258,0,MGRC
28-07-2021,0.00576221107764896,0,MGRC
29-07-2021,0.014062423941992863,0,MGRC
30-07-2021,0.0069337562220270765,0,MGRC
02-08-2021,0.006120930478721753,1,MGRC
03-08-2021,-0.00519649751812612,1,MGRC
04-08-2021,-0.05733214578257961,1,MGRC
05-08-2021,-0.025543984919803697,0,MGRC
06-08-2021,0.0001387258868537078,0,MGRC
09-08-2021,0.0054083953175345645,0,MGRC
10-08-2021,0.00041377626616379004,0,MGRC
11-08-2021,0.0,1,MGRC
12-08-2021,-0.01392530198854447,1,MGRC
13-08-2021,-0.018316521533572327,1,MGRC
16-08-2021,-0.004272830455421928,1,MGRC
17-08-2021,-0.0215992283955333,0,MGRC
18-08-2021,0.005116936642006742,1,MGRC
19-08-2021,-0.002909046519886327,0,MGRC
20-08-2021,0.003063443838421165,0,MGRC
23-08-2021,0.018906273734367707,1,MGRC
24-08-2021,-0.004710165760199558,1,MGRC
25-08-2021,-0.005306220117157645,1,MGRC
26-08-2021,-0.020905376809148724,0,MGRC
27-08-2021,0.032395771309164045,1,MGRC
30-08-2021,-0.008843285425538694,0,MGRC
31-08-2021,0.004173275643148955,0,MGRC
01-09-2021,0.01676695599617073,0,MGRC
02-09-2021,0.008033822682755432,1,MGRC
03-09-2021,-0.003215824081856389,0,MGRC
07-09-2021,0.0012623977659540486,1,MGRC
08-09-2021,-0.012468470494453876,1,MGRC
09-09-2021,-0.003972177440521474,1,MGRC
10-09-2021,-0.016379455075840266,1,MGRC
13-09-2021,-0.0014479941739969915,1,MGRC
14-09-2021,-0.008410699517907627,0,MGRC
15-09-2021,0.015794119251748118,0,MGRC
16-09-2021,0.013677002449732134,0,MGRC
17-09-2021,0.0046867516616497795,1,MGRC
20-09-2021,-0.008481742892847755,0,MGRC
21-09-2021,0.015825500713012364,0,MGRC
22-09-2021,0.010385934930098761,0,MGRC
23-09-2021,0.009306928993215502,1,MGRC
24-09-2021,-0.0057804263304609416,0,MGRC
27-09-2021,0.020625768787727816,1,MGRC
28-09-2021,-0.017360726304253338,0,MGRC
29-09-2021,0.012560437549217207,1,MGRC
30-09-2021,-0.01922033329305095,0,MGRC
01-10-2021,0.01765120675925158,0,MGRC
04-10-2021,0.0072384426449179085,0,MGRC
05-10-2021,0.01261017362950212,0,MGRC
06-10-2021,0.0001339332644563207,0,MGRC
07-10-2021,0.0029455243474616477,1,MGRC
08-10-2021,-0.007208662249745479,0,MGRC
11-10-2021,0.005781905194235604,0,MGRC
12-10-2021,0.006283336525847227,0,MGRC
13-10-2021,0.009698464055941214,0,MGRC
14-10-2021,0.00236842506810242,1,MGRC
15-10-2021,-0.0051194458924404,1,MGRC
18-10-2021,-0.014777711215894329,0,MGRC
19-10-2021,0.0018749081703695047,0,MGRC
20-10-2021,0.018179396534351744,0,MGRC
21-10-2021,0.007220730799256447,1,MGRC
22-10-2021,-0.008211742346042716,0,MGRC
25-10-2021,0.009593946537885145,1,MGRC
26-10-2021,-0.010804501879093431,1,MGRC
27-10-2021,-0.009869719977418034,0,MGRC
28-10-2021,0.0002658728472741956,1,MGRC
29-10-2021,-0.04145632019694101,0,MGRC
01-11-2021,0.024258386675993115,0,MGRC
02-11-2021,0.005954830762495478,0,MGRC
03-11-2021,0.03982240026309247,1,MGRC
04-11-2021,-0.012032608282566915,0,MGRC
05-11-2021,0.03653746586205653,1,MGRC
08-11-2021,-0.006696131005424988,0,MGRC
09-11-2021,0.0027981885477377233,0,MGRC
10-11-2021,0.003297845615265693,0,MGRC
11-11-2021,0.011883722623759363,0,MGRC
12-11-2021,0.0002498331189115799,1,MGRC
15-11-2021,-0.0006244744427663651,0,MGRC
16-11-2021,0.0019997003929885793,1,MGRC
17-11-2021,-0.0021204711591369385,0,MGRC
18-11-2021,0.0,1,MGRC
19-11-2021,-0.0033749580383301003,0,MGRC
22-11-2021,0.008403338025032792,1,MGRC
23-11-2021,-0.0007463331697694642,1,MGRC
24-11-2021,-0.006223550196556182,1,MGRC
26-11-2021,-0.034819625586299474,0,MGRC
29-11-2021,0.011419736707665606,1,MGRC
30-11-2021,-0.008211436612791667,0,MGRC
01-12-2021,0.011642870128760086,0,MGRC
02-12-2021,0.00920717709464447,1,MGRC
03-12-2021,-0.015712086828930882,0,MGRC
06-12-2021,0.011843436731861168,0,MGRC
07-12-2021,0.011323147670816658,1,MGRC
08-12-2021,-0.013083418586948614,1,MGRC
09-12-2021,-0.004716317802174075,1,MGRC
10-12-2021,-0.0053790747835031905,1,MGRC
13-12-2021,-0.033221757782551875,1,MGRC
14-12-2021,-0.010788561111265804,0,MGRC
15-12-2021,0.006597623741912528,1,MGRC
16-12-2021,-0.00013378994040480485,0,MGRC
17-12-2021,0.008160543282295096,1,MGRC
20-12-2021,-0.0006635224436415399,0,MGRC
21-12-2021,0.023237286638317034,0,MGRC
22-12-2021,0.01829747867610898,0,MGRC
23-12-2021,0.01440037257345983,0,MGRC
27-12-2021,0.0037688826320185775,1,MGRC
28-12-2021,-0.0011264576416309957,1,MGRC
29-12-2021,-0.0032576683973090104,1,MGRC
30-12-2021,-0.0033941453438445235,0,MGRC
31-12-2021,0.012361293794438177,1,MGRC
03-01-2022,-0.006603523114754872,0,MGRC
04-01-2022,0.026213423427742466,1,MGRC
05-01-2022,-0.018699569604051947,0,MGRC
06-01-2022,0.0018682466579706958,1,MGRC
07-01-2022,-0.015415284131391038,1,MGRC
10-01-2022,-0.010227242295515415,0,MGRC
11-01-2022,0.007909207187261513,1,MGRC
12-01-2022,-0.007087775887193448,0,MGRC
13-01-2022,0.0005098905937974685,1,MGRC
14-01-2022,-0.0038220847308974015,1,MGRC
18-01-2022,-0.01087103308575288,1,MGRC
19-01-2022,-0.004396125601108358,1,MGRC
20-01-2022,-0.004155840192522353,1,MGRC
21-01-2022,-0.01030256797578577,0,MGRC
24-01-2022,0.02727631718898893,1,MGRC
25-01-2022,-0.006798342554142467,1,MGRC
26-01-2022,-0.007619836819834247,1,MGRC
27-01-2022,-0.009370036772809676,1,MGRC
28-01-2022,-0.0015764942492388911,0,MGRC
31-01-2022,0.0027631458483243776,1,MGRC
01-02-2022,-0.0018370212745083547,1,MGRC
02-02-2022,-0.010385183629507688,1,MGRC
03-02-2022,-0.003320935229195965,1,MGRC
04-02-2022,-0.00039982380094549796,0,MGRC
07-02-2022,0.004400024414062509,0,MGRC
08-02-2022,0.02057607041931986,0,MGRC
09-02-2022,0.01066596935638886,1,MGRC
10-02-2022,-0.024581674488187377,1,MGRC
11-02-2022,-0.0010555723721900057,1,MGRC
14-02-2022,-0.005019115810501962,0,MGRC
15-02-2022,0.009026951926814464,0,MGRC
16-02-2022,0.0031574510857057536,1,MGRC
17-02-2022,-0.02242621750128071,0,MGRC
18-02-2022,0.0012073562756271805,1,MGRC
22-02-2022,-0.022108990448995502,1,MGRC
23-02-2022,-0.02055357537685687,0,MGRC
24-02-2022,0.10352537141797113,0,MGRC
25-02-2022,0.030045674811168155,0,MGRC
28-02-2022,0.00036921574519221956,1,MGRC
01-03-2022,-0.019192883637088598,0,MGRC
02-03-2022,0.008906159979940709,1,MGRC
03-03-2022,-0.007335620602343718,0,MGRC
04-03-2022,0.01052109225719633,1,MGRC
07-03-2022,-0.017724346799290247,0,MGRC
08-03-2022,0.0020189736543769765,0,MGRC
09-03-2022,0.013726184203801006,0,MGRC
10-03-2022,0.01751557344235244,0,MGRC
11-03-2022,0.02173115248095492,0,MGRC
14-03-2022,0.055323182200401444,1,MGRC
15-03-2022,-0.037250916291841296,0,MGRC
16-03-2022,0.015994362341243518,1,MGRC
17-03-2022,-0.0062507341051335485,1,MGRC
18-03-2022,-0.011531716731106978,0,MGRC
21-03-2022,0.004124422243739545,1,MGRC
22-03-2022,-0.002464488754007288,1,MGRC
23-03-2022,-0.008823529411764675,0,MGRC
24-03-2022,0.007715151642479601,0,MGRC
25-03-2022,0.0037691365026262247,1,MGRC
28-03-2022,-0.0028162152115908112,0,MGRC
29-03-2022,0.014120933170618466,1,MGRC
30-03-2022,-0.013460242028331848,1,MGRC
31-03-2022,-0.00047039858517894384,0,MGRC
01-04-2022,0.005295327494305946,1,MGRC
04-04-2022,-0.020367527303685518,0,MGRC
05-04-2022,0.010036997411712711,1,MGRC
06-04-2022,-0.006861491061522895,1,MGRC
07-04-2022,-0.014175042945449912,0,MGRC
08-04-2022,0.005920708689240328,1,MGRC
11-04-2022,-0.007207188878331494,0,MGRC
12-04-2022,0.0025408237216657525,0,MGRC
13-04-2022,0.014361603097279962,0,MGRC
14-04-2022,0.0069005851350534275,0,MGRC
18-04-2022,0.015242833007125478,0,MGRC
19-04-2022,0.02595441578744828,0,MGRC
20-04-2022,0.020986936382275223,0,MGRC
21-04-2022,0.005888875325520848,1,MGRC
22-04-2022,-0.03821936519526292,1,MGRC
25-04-2022,-0.009302831761028418,1,MGRC
26-04-2022,-0.03477857553564745,0,MGRC
27-04-2022,0.01945706312302109,1,MGRC
28-04-2022,-0.0020028060137392556,1,MGRC
29-04-2022,-0.01475622728733006,1,MGRC
02-05-2022,-0.01629523874035821,1,MGRC
03-05-2022,-0.001583401410889751,0,MGRC
04-05-2022,0.0074417543158153965,1,MGRC
05-05-2022,-0.014894687934858375,1,MGRC
06-05-2022,-0.002827237023393825,0,MGRC
09-05-2022,0.00542399897823298,1,MGRC
10-05-2022,-0.0035556758730773685,1,MGRC
11-05-2022,-0.011443341252495576,1,MGRC
12-05-2022,-0.010580016341377507,0,MGRC
13-05-2022,0.029815106431928085,1,MGRC
16-05-2022,-0.01001709856719113,0,MGRC
17-05-2022,0.030725540913616234,1,MGRC
18-05-2022,-0.02394349370558957,1,MGRC
19-05-2022,-0.012388104395347321,1,MGRC
20-05-2022,-0.002235473331844484,0,MGRC
23-05-2022,0.014438682038653283,1,MGRC
24-05-2022,-0.005276077364120058,0,MGRC
25-05-2022,0.004070578910779998,0,MGRC
26-05-2022,0.005159682568455226,0,MGRC
27-05-2022,0.0032998856523276388,0,MGRC
31-05-2022,0.0014618437317026611,1,MGRC
01-06-2022,-0.009852786371660982,0,MGRC
02-06-2022,0.022481594554674356,1,MGRC
03-06-2022,-0.002763466870801645,1,MGRC
06-06-2022,-0.004819295492516917,0,MGRC
07-06-2022,0.0061743601168497975,1,MGRC
08-06-2022,-0.015160656082025437,1,MGRC
09-06-2022,-0.012828288844687785,1,MGRC
10-06-2022,-0.019183205361575695,1,MGRC
13-06-2022,-0.02876970068513407,1,MGRC
14-06-2022,-0.001818882518229481,0,MGRC
15-06-2022,0.010282453425739968,1,MGRC
16-06-2022,-0.044576126797741145,0,MGRC
17-06-2022,0.0036407312531505642,0,MGRC
21-06-2022,0.013569825770378685,1,MGRC
22-06-2022,-0.005832481802316991,1,MGRC
23-06-2022,-0.011066691080729218,0,MGRC
24-06-2022,0.023055131814586183,0,MGRC
27-06-2022,0.004217181159818839,1,MGRC
28-06-2022,-0.012729575198899945,0,MGRC
29-06-2022,0.0006645675944751961,0,MGRC
30-06-2022,0.009564309675588634,0,MGRC
01-07-2022,0.022631595009251715,1,MGRC
05-07-2022,-0.010164705392682105,1,MGRC
06-07-2022,-0.015468639499357839,0,MGRC
07-07-2022,0.012410911908091071,1,MGRC
08-07-2022,-0.0039124028503370045,1,MGRC
11-07-2022,-0.0024874943551168593,1,MGRC
12-07-2022,-0.007350113795034363,0,MGRC
13-07-2022,0.00793344076828606,1,MGRC
14-07-2022,-0.01049459552050569,0,MGRC
15-07-2022,0.02134430072700244,1,MGRC
18-07-2022,-0.016744559971407558,0,MGRC
19-07-2022,0.030231035188479805,0,MGRC
20-07-2022,0.009994858664099215,0,MGRC
21-07-2022,0.00811975884453675,1,MGRC
22-07-2022,-0.014095176937912846,0,MGRC
25-07-2022,0.023870345085497124,0,MGRC
26-07-2022,0.005360931431041882,0,MGRC
27-07-2022,0.00669643997537861,0,MGRC
28-07-2022,0.019216525655695094,0,MGRC
29-07-2022,0.01957943906705606,0,MGRC
01-08-2022,0.002252281176286841,0,MGRC
02-08-2022,0.0,1,MGRC
03-08-2022,-0.0037847390097470734,1,MGRC
04-08-2022,-0.004867667645363172,0,MGRC
05-08-2022,0.00441425373334714,0,MGRC
08-08-2022,0.007126718811282462,1,MGRC
09-08-2022,-0.007312215354257523,0,MGRC
10-08-2022,0.019840777061599812,0,MGRC
11-08-2022,0.004543418402626509,0,MGRC
12-08-2022,0.0177432299632847,0,MGRC
15-08-2022,0.010824942173172536,0,MGRC
16-08-2022,0.002141837936728175,1,MGRC
17-08-2022,-0.013160834070455318,0,MGRC
18-08-2022,0.0003419443536873956,1,MGRC
19-08-2022,-0.009115804834598396,1,MGRC
22-08-2022,-0.014029453007675663,1,MGRC
23-08-2022,-0.010380212407545608,0,MGRC
24-08-2022,0.0005893111686154917,0,MGRC
25-08-2022,0.011660752013859188,1,MGRC
26-08-2022,-0.014320593040862306,1,MGRC
29-08-2022,-0.008977109654563109,1,MGRC
30-08-2022,-0.004886813523869993,0,MGRC
31-08-2022,0.012336792497917193,0,MGRC
01-09-2022,0.00236635808779484,1,MGRC
02-09-2022,-0.011803588120766317,1,MGRC
06-09-2022,-0.00955569804220191,0,MGRC
07-09-2022,0.022793046688178498,1,MGRC
08-09-2022,-0.0007074349760746168,0,MGRC
09-09-2022,0.014985211127627185,0,MGRC
12-09-2022,0.0074402120904355495,1,MGRC
13-09-2022,-0.014885770378652463,0,MGRC
14-09-2022,0.0039826206741482295,1,MGRC
15-09-2022,-0.005950322502370264,1,MGRC
16-09-2022,-0.012558682313970393,0,MGRC
19-09-2022,0.023297267900398433,0,MGRC
20-09-2022,0.001742380442091962,1,MGRC
21-09-2022,-0.005681793551799097,1,MGRC
22-09-2022,-0.005481063798287167,1,MGRC
23-09-2022,-0.01653372482290827,0,MGRC
26-09-2022,0.006200031310808596,1,MGRC
27-09-2022,-0.02606940353304521,0,MGRC
28-09-2022,0.026523910943182072,0,MGRC
29-09-2022,0.001540799445134855,1,MGRC
30-09-2022,-0.0075739572739460526,0,MGRC
03-10-2022,0.024683993319321473,0,MGRC
04-10-2022,0.015943241495595784,1,MGRC
05-10-2022,-0.01603667212988391,1,MGRC
06-10-2022,-0.0016297949611357998,1,MGRC
07-10-2022,-0.025769578234875246,0,MGRC
10-10-2022,0.0011968697841835407,0,MGRC
11-10-2022,0.002390877998732721,1,MGRC
12-10-2022,-0.012522306994285137,0,MGRC
13-10-2022,0.021497569005936024,1,MGRC
14-10-2022,-0.010995510582199053,0,MGRC
17-10-2022,0.013150011405328899,0,MGRC
18-10-2022,0.007079628013228145,1,MGRC
19-10-2022,-0.0008201487530833385,1,MGRC
20-10-2022,-0.00832550533109322,0,MGRC
21-10-2022,0.02211189255445256,0,MGRC
24-10-2022,0.001503901547273756,0,MGRC
25-10-2022,0.0011551169512948878,1,MGRC
26-10-2022,-0.009461171248968947,0,MGRC
27-10-2022,0.007571363278181531,0,MGRC
28-10-2022,0.11630054981033244,1,MGRC
31-10-2022,-0.025994144265723218,0,MGRC
01-11-2022,0.02636890640156886,1,MGRC
02-11-2022,-0.014814050795186384,0,MGRC
03-11-2022,0.012197725349333721,0,MGRC
04-11-2022,0.0048826221719582286,0,MGRC
07-11-2022,0.00020672637622709544,0,MGRC
08-11-2022,0.012919896640826822,1,MGRC
09-11-2022,-0.010510191625478282,0,MGRC
10-11-2022,0.02299675878588081,1,MGRC
11-11-2022,-0.012298322871372114,0,MGRC
14-11-2022,0.005307171108905662,1,MGRC
15-11-2022,-0.001624402661008828,1,MGRC
16-11-2022,-0.028879361843095475,1,MGRC
17-11-2022,-0.015497417350090026,0,MGRC
18-11-2022,0.01520953367616662,0,MGRC
21-11-2022,0.016238901009062223,0,MGRC
22-11-2022,0.010721658922962396,1,MGRC
23-11-2022,-0.014381922163834604,0,MGRC
25-11-2022,0.010762712874759828,1,MGRC
28-11-2022,-0.013719631033193846,0,MGRC
29-11-2022,0.004982826932578233,0,MGRC
30-11-2022,0.013531713883118357,0,MGRC
01-12-2022,0.009172379446511059,0,MGRC
02-12-2022,0.0028277763904671627,1,MGRC
05-12-2022,-0.022155131017367657,1,MGRC
06-12-2022,-0.0010298504190784374,1,MGRC
07-12-2022,-0.0010309121043411418,0,MGRC
08-12-2022,0.0015480033386670033,1,MGRC
09-12-2022,-0.013910417939869912,0,MGRC
12-12-2022,0.0012539472352013359,0,MGRC
